80 0.19419642857142858 0.7254464285714286 0.044642857142857144 0.08035714285714286
80 0.265625 0.7366071428571429 0.05580357142857143 0.10491071428571429
80 0.34151785714285715 0.7366071428571429 0.049107142857142856 0.08705357142857142
80 0.9330357142857143 0.7633928571428571 0.05133928571428571 0.07142857142857142
80 0.7209821428571429 0.671875 0.05357142857142857 0.06919642857142858
80 0.9151785714285714 0.5513392857142857 0.044642857142857144 0.09151785714285714
80 0.9620535714285714 0.6540178571428571 0.044642857142857144 0.07142857142857142
80 0.5625 0.15401785714285715 0.033482142857142856 0.05580357142857143
80 0.41294642857142855 0.25669642857142855 0.04241071428571429 0.07366071428571429
80 0.27901785714285715 0.16517857142857142 0.03571428571428571 0.06696428571428571
80 0.15625 0.34598214285714285 0.033482142857142856 0.06473214285714286
80 0.18973214285714285 0.3705357142857143 0.029017857142857144 0.05133928571428571
80 0.2700892857142857 0.33035714285714285 0.024553571428571428 0.07142857142857142
80 0.5446428571428571 0.3169642857142857 0.026785714285714284 0.07589285714285714
80 0.6339285714285714 0.5267857142857143 0.0625 0.08705357142857142
80 0.7410714285714286 0.4263392857142857 0.05357142857142857 0.09375
80 0.2924107142857143 0.4017857142857143 0.05133928571428571 0.05580357142857143
80 0.17410714285714285 0.26785714285714285 0.04241071428571429 0.06919642857142858
80 0.03125 0.6227678571428571 0.03794642857142857 0.07142857142857142
80 0.4732142857142857 0.5915178571428571 0.08258928571428571 0.10267857142857142
80 0.8683035714285714 0.7321428571428571 0.05580357142857143 0.10491071428571429