80 0.8504464285714286 0.46205357142857145 0.05357142857142857 0.10714285714285714
80 0.9129464285714286 0.6049107142857143 0.05133928571428571 0.109375
80 0.9799107142857143 0.16964285714285715 0.04017857142857143 0.12053571428571429
80 0.5446428571428571 0.2767857142857143 0.05357142857142857 0.09375
80 0.375 0.27455357142857145 0.046875 0.10044642857142858
80 0.25669642857142855 0.27901785714285715 0.06473214285714286 0.14732142857142858
80 0.21428571428571427 0.5178571428571429 0.078125 0.11607142857142858
80 0.609375 0.5915178571428571 0.0625 0.12053571428571429
80 0.7611607142857143 0.6227678571428571 0.0625 0.16964285714285715
80 0.7366071428571429 0.18973214285714285 0.05803571428571429 0.15401785714285715
80 0.6361607142857143 0.10714285714285714 0.05133928571428571 0.11160714285714286
80 0.8459821428571429 0.171875 0.044642857142857144 0.08482142857142858
80 0.8995535714285714 0.046875 0.0625 0.09375
80 0.024553571428571428 0.6227678571428571 0.049107142857142856 0.13169642857142858
80 0.008928571428571428 0.48214285714285715 0.017857142857142856 0.10714285714285714
80 0.31473214285714285 0.5446428571428571 0.05133928571428571 0.11607142857142858
80 0.38839285714285715 0.10714285714285714 0.07142857142857142 0.13839285714285715
80 0.3013392857142857 0.22767857142857142 0.06919642857142858 0.13616071428571427