1 0.10697115384615384 0.1141826923076923 0.17548076923076922 0.2283653846153846
1 0.6370192307692307 0.08774038461538461 0.055288461538461536 0.16105769230769232
1 0.8413461538461539 0.11538461538461539 0.1201923076923077 0.16105769230769232
1 0.7127403846153846 0.15745192307692307 0.13701923076923078 0.2932692307692308
1 0.9627403846153846 0.1935096153846154 0.06971153846153846 0.3293269230769231
1 0.21875 0.11177884615384616 0.1971153846153846 0.22355769230769232
1 0.33653846153846156 0.11658653846153846 0.15865384615384615 0.23317307692307693
1 0.5685096153846154 0.1875 0.17548076923076922 0.375
1 0.3016826923076923 0.14423076923076922 0.13221153846153846 0.21394230769230768
1 0.4963942307692308 0.23197115384615385 0.14903846153846154 0.29086538461538464
1 0.12379807692307693 0.21153846153846154 0.12980769230769232 0.22355769230769232
1 0.37740384615384615 0.32091346153846156 0.125 0.2764423076923077
1 0.65625 0.34134615384615385 0.15865384615384615 0.4110576923076923
1 0.8257211538461539 0.3894230769230769 0.17307692307692307 0.4855769230769231
1 0.03125 0.3389423076923077 0.0625 0.39903846153846156
1 0.9170673076923077 0.42908653846153844 0.16105769230769232 0.4543269230769231
1 0.203125 0.40384615384615385 0.1466346153846154 0.44711538461538464
1 0.3173076923076923 0.41225961538461536 0.2283653846153846 0.42788461538461536
1 0.46274038461538464 0.4266826923076923 0.12259615384615384 0.27163461538461536
1 0.10216346153846154 0.4675480769230769 0.15625 0.4014423076923077
1 0.7848557692307693 0.5396634615384616 0.1778846153846154 0.43509615384615385
1 0.9110576923076923 0.5817307692307693 0.14423076923076922 0.3870192307692308
1 0.5444711538461539 0.5637019230769231 0.18509615384615385 0.45913461538461536
1 0.27403846153846156 0.6262019230769231 0.15384615384615385 0.34134615384615385
1 0.4170673076923077 0.6706730769230769 0.15625 0.27884615384615385
1 0.7524038461538461 0.7319711538461539 0.2980769230769231 0.53125
1 0.06009615384615385 0.6430288461538461 0.1201923076923077 0.65625
1 0.9194711538461539 0.7560096153846154 0.16105769230769232 0.4831730769230769
1 0.1466346153846154 0.7944711538461539 0.21153846153846154 0.37259615384615385
1 0.49158653846153844 0.8125 0.20432692307692307 0.3701923076923077
1 0.22355769230769232 0.8569711538461539 0.39663461538461536 0.27403846153846156
1 0.6466346153846154 0.9206730769230769 0.3173076923076923 0.15384615384615385
1 0.11298076923076923 0.04807692307692308 0.16826923076923078 0.09615384615384616
1 0.7379807692307693 0.09014423076923077 0.2403846153846154 0.1658653846153846