1 0.890625 0.12139423076923077 0.21394230769230768 0.18509615384615385
1 0.90625 0.6526442307692307 0.16105769230769232 0.0625
1 0.8725961538461539 0.8545673076923077 0.16346153846153846 0.125
1 0.8341346153846154 0.7259615384615384 0.2956730769230769 0.14903846153846154
1 0.7896634615384616 0.9639423076923077 0.3293269230769231 0.0673076923076923
1 0.8918269230769231 0.23317307692307693 0.21153846153846154 0.20673076923076922
1 0.8846153846153846 0.35336538461538464 0.22596153846153846 0.16826923076923078
1 0.8088942307692307 0.5793269230769231 0.37740384615384615 0.1875
1 0.8629807692307693 0.31490384615384615 0.21875 0.13942307692307693
1 0.7680288461538461 0.5048076923076923 0.2956730769230769 0.15865384615384615
1 0.8016826923076923 0.1346153846153846 0.2283653846153846 0.13701923076923078
1 0.6838942307692307 0.38341346153846156 0.27884615384615385 0.13221153846153846
1 0.6538461538461539 0.6610576923076923 0.41586538461538464 0.17067307692307693
1 0.5997596153846154 0.8293269230769231 0.4879807692307692 0.18990384615384615
1 0.6778846153846154 0.037259615384615384 0.39903846153846156 0.07451923076923077
1 0.5564903846153846 0.9146634615384616 0.45913461538461536 0.1658653846153846
1 0.6069711538461539 0.20673076923076922 0.4495192307692308 0.16105769230769232
1 0.59375 0.31971153846153844 0.43509615384615385 0.24278846153846154
1 0.5745192307692307 0.4651442307692308 0.27403846153846156 0.12980769230769232
1 0.546875 0.10336538461538461 0.40625 0.17067307692307693
1 0.45072115384615385 0.7836538461538461 0.43990384615384615 0.19230769230769232
1 0.40384615384615385 0.9086538461538461 0.3894230769230769 0.15625
1 0.43509615384615385 0.5432692307692307 0.4639423076923077 0.19951923076923078
1 0.38100961538461536 0.2704326923076923 0.34375 0.1658653846153846
1 0.3329326923076923 0.4110576923076923 0.28125 0.16346153846153846
1 0.265625 0.7427884615384616 0.53125 0.3173076923076923
1 0.375 0.06370192307692307 0.6586538461538461 0.12740384615384615
1 0.23677884615384615 0.9086538461538461 0.4735576923076923 0.1778846153846154
1 0.21754807692307693 0.13701923076923078 0.37740384615384615 0.22355769230769232
1 0.18870192307692307 0.4807692307692308 0.37740384615384615 0.21634615384615385
1 0.15384615384615385 0.21153846153846154 0.2860576923076923 0.40384615384615385
1 0.078125 0.6322115384615384 0.15625 0.32211538461538464
1 0.9555288461538461 0.12860576923076922 0.08413461538461539 0.17548076923076922
1 0.9002403846153846 0.7524038461538461 0.17067307692307693 0.25