1 0.1141826923076923 0.11177884615384616 0.18028846153846154 0.22355769230769232
1 0.6442307692307693 0.09014423076923077 0.057692307692307696 0.16105769230769232
1 0.8485576923076923 0.12139423076923077 0.12259615384615384 0.16346153846153846
1 0.71875 0.16105769230769232 0.14182692307692307 0.2956730769230769
1 0.9627403846153846 0.203125 0.06971153846153846 0.3293269230769231
1 0.22716346153846154 0.109375 0.19951923076923078 0.21875
1 0.3449519230769231 0.11538461538461539 0.16105769230769232 0.23076923076923078
1 0.5745192307692307 0.18870192307692307 0.18269230769230768 0.37740384615384615
1 0.3076923076923077 0.140625 0.1346153846153846 0.21634615384615385
1 0.5 0.23197115384615385 0.15384615384615385 0.2932692307692308
1 0.12860576923076922 0.20432692307692307 0.1346153846153846 0.22596153846153846
1 0.38100961538461536 0.31850961538461536 0.12980769230769232 0.2764423076923077
1 0.6586538461538461 0.34375 0.16346153846153846 0.41346153846153844
1 0.828125 0.3942307692307692 0.18028846153846154 0.4855769230769231
1 0.03485576923076923 0.3317307692307692 0.06971153846153846 0.39903846153846156
1 0.9158653846153846 0.4375 0.16346153846153846 0.4567307692307692
1 0.20432692307692307 0.39783653846153844 0.15384615384615385 0.44711538461538464
1 0.31850961538461536 0.4098557692307692 0.23557692307692307 0.4326923076923077
1 0.4639423076923077 0.4254807692307692 0.125 0.27163461538461536
1 0.10336538461538461 0.46033653846153844 0.16346153846153846 0.40384615384615385
1 0.7848557692307693 0.5444711538461539 0.18509615384615385 0.4375
1 0.9098557692307693 0.5889423076923077 0.15144230769230768 0.3894230769230769
1 0.5432692307692307 0.5637019230769231 0.19230769230769232 0.46153846153846156
1 0.27163461538461536 0.6225961538461539 0.16105769230769232 0.34134615384615385
1 0.41346153846153844 0.6682692307692307 0.16105769230769232 0.28125
1 0.7475961538461539 0.7331730769230769 0.3076923076923077 0.5288461538461539
1 0.06129807692307692 0.6346153846153846 0.12259615384615384 0.6586538461538461
1 0.9134615384615384 0.7584134615384616 0.16826923076923078 0.47836538461538464
1 0.14182692307692307 0.7884615384615384 0.21875 0.375
1 0.4855769230769231 0.8112980769230769 0.21153846153846154 0.37259615384615385
1 0.21754807692307693 0.8521634615384616 0.39903846153846156 0.27884615384615385
1 0.6382211538461539 0.9206730769230769 0.31971153846153844 0.15384615384615385
1 0.12139423076923077 0.04567307692307692 0.17067307692307693 0.09134615384615384
1 0.7451923076923077 0.09495192307692307 0.24278846153846154 0.16826923076923078