1 0.359375 0.33774038461538464 0.2860576923076923 0.3004807692307692
1 0.08413461538461539 0.45552884615384615 0.16826923076923078 0.2668269230769231
1 0.4543269230769231 0.4495192307692308 0.21634615384615385 0.28125
1 0.171875 0.5228365384615384 0.32211538461538464 0.3317307692307692
1 0.6141826923076923 0.4254807692307692 0.18990384615384615 0.35336538461538464
1 0.7908653846153846 0.45913461538461536 0.34615384615384615 0.3125
1 0.36899038461538464 0.5805288461538461 0.16105769230769232 0.24278846153846154
1 0.5048076923076923 0.5805288461538461 0.15144230769230768 0.27403846153846156
1 0.6862980769230769 0.5709134615384616 0.3317307692307692 0.31490384615384615
1 0.9134615384615384 0.5805288461538461 0.16826923076923078 0.31490384615384615
1 0.96875 0.6514423076923077 0.057692307692307696 0.2980769230769231
1 0.8401442307692307 0.71875 0.19471153846153846 0.34615384615384615
1 0.7379807692307693 0.7596153846153846 0.15865384615384615 0.2620192307692308
1 0.9146634615384616 0.7980769230769231 0.1658653846153846 0.2403846153846154