1 0.3737980769230769 0.3269230769230769 0.2668269230769231 0.2860576923076923
1 0.0829326923076923 0.4182692307692308 0.1658653846153846 0.2548076923076923
1 0.45913461538461536 0.44591346153846156 0.1971153846153846 0.27163461538461536
1 0.171875 0.49399038461538464 0.30288461538461536 0.31490384615384615
1 0.6201923076923077 0.4362980769230769 0.16105769230769232 0.3485576923076923
1 0.7932692307692307 0.4855769230769231 0.3293269230769231 0.2932692307692308
1 0.3629807692307692 0.5697115384615384 0.14423076923076922 0.23798076923076922
1 0.49759615384615385 0.5805288461538461 0.12980769230769232 0.27163461538461536
1 0.6790865384615384 0.5877403846153846 0.31490384615384615 0.2956730769230769
1 0.9146634615384616 0.6165865384615384 0.1658653846153846 0.31009615384615385
1 0.9675480769230769 0.6959134615384616 0.06009615384615385 0.2956730769230769
1 0.8197115384615384 0.7475961538461539 0.17067307692307693 0.34134615384615385
1 0.7151442307692307 0.7800480769230769 0.13942307692307693 0.25721153846153844
1 0.9026442307692307 0.8341346153846154 0.18028846153846154 0.23076923076923078