1 0.6947115384615384 0.4098557692307692 0.25961538461538464 0.2403846153846154
1 0.6646634615384616 0.09014423076923077 0.23557692307692307 0.17067307692307693
1 0.5612980769230769 0.4699519230769231 0.2548076923076923 0.17067307692307693
1 0.5685096153846154 0.17908653846153846 0.2860576923076923 0.27163461538461536
1 0.5396634615384616 0.6298076923076923 0.34134615384615385 0.12259615384615384
1 0.45913461538461536 0.7908653846153846 0.25961538461538464 0.30288461538461536
1 0.4579326923076923 0.35216346153846156 0.2283653846153846 0.11778846153846154
1 0.4206730769230769 0.4831730769230769 0.2620192307692308 0.10096153846153846
1 0.3798076923076923 0.6598557692307693 0.2644230769230769 0.28846153846153844
1 0.30649038461538464 0.8894230769230769 0.2956730769230769 0.13701923076923078
1 0.21634615384615385 0.9507211538461539 0.28846153846153844 0.08413461538461539
1 0.19591346153846154 0.7668269230769231 0.3317307692307692 0.1346153846153846
1 0.18389423076923078 0.6574519230769231 0.24759615384615385 0.11298076923076923
1 0.10216346153846154 0.8317307692307693 0.20432692307692307 0.15865384615384615