1 0.8665865384615384 0.36658653846153844 0.16826923076923078 0.11538461538461539
1 0.9182692307692307 0.8305288461538461 0.14903846153846154 0.1201923076923077
1 0.8257211538461539 0.3401442307692308 0.14423076923076922 0.125
1 0.8581730769230769 0.7908653846153846 0.16346153846153846 0.11538461538461539
1 0.7668269230769231 0.2920673076923077 0.13942307692307693 0.11538461538461539
1 0.7415865384615384 0.2548076923076923 0.17307692307692307 0.14903846153846154
1 0.6033653846153846 0.052884615384615384 0.1778846153846154 0.10576923076923077
1 0.6358173076923077 0.8197115384615384 0.15384615384615385 0.15144230769230768
1 0.5528846153846154 0.5192307692307693 0.17548076923076922 0.15384615384615385
1 0.49399038461538464 0.4014423076923077 0.20192307692307693 0.15625
1 0.33774038461538464 0.0985576923076923 0.1466346153846154 0.17067307692307693
1 0.25841346153846156 0.7692307692307693 0.16346153846153846 0.18269230769230768
1 0.12259615384615384 0.12379807692307693 0.17307692307692307 0.16105769230769232
1 0.13341346153846154 0.5504807692307693 0.2668269230769231 0.2403846153846154
1 0.1466346153846154 0.7860576923076923 0.23317307692307693 0.21634615384615385