1 0.12620192307692307 0.3858173076923077 0.1658653846153846 0.10817307692307693
1 0.09975961538461539 0.8521634615384616 0.14423076923076922 0.11538461538461539
1 0.16706730769230768 0.35697115384615385 0.13942307692307693 0.11778846153846154
1 0.15865384615384615 0.8100961538461539 0.16105769230769232 0.10817307692307693
1 0.22355769230769232 0.30649038461538464 0.1346153846153846 0.10817307692307693
1 0.24639423076923078 0.26802884615384615 0.16826923076923078 0.14182692307692307
1 0.375 0.054086538461538464 0.17307692307692307 0.10817307692307693
1 0.38100961538461536 0.8257211538461539 0.1466346153846154 0.1466346153846154
1 0.4483173076923077 0.5228365384615384 0.16826923076923078 0.14423076923076922
1 0.5012019230769231 0.4014423076923077 0.19471153846153846 0.14903846153846154
1 0.640625 0.09014423076923077 0.13942307692307693 0.1658653846153846
1 0.7560096153846154 0.7560096153846154 0.15625 0.1778846153846154
1 0.8569711538461539 0.10576923076923077 0.17067307692307693 0.15144230769230768
1 0.8689903846153846 0.5300480769230769 0.25721153846153844 0.2283653846153846
1 0.8677884615384616 0.7668269230769231 0.22596153846153846 0.20673076923076922