1 0.8689903846153846 0.6274038461538461 0.16826923076923078 0.11298076923076923
1 0.9122596153846154 0.1622596153846154 0.1466346153846154 0.11778846153846154
1 0.828125 0.6538461538461539 0.14423076923076922 0.12259615384615384
1 0.8521634615384616 0.20192307692307693 0.16346153846153846 0.11057692307692307
1 0.7704326923076923 0.703125 0.13701923076923078 0.11298076923076923
1 0.7451923076923077 0.7403846153846154 0.17307692307692307 0.1466346153846154
1 0.6081730769230769 0.9459134615384616 0.1778846153846154 0.10336538461538461
1 0.6298076923076923 0.1778846153846154 0.15144230769230768 0.1466346153846154
1 0.5528846153846154 0.4795673076923077 0.17307692307692307 0.15144230769230768
1 0.4963942307692308 0.5985576923076923 0.19951923076923078 0.15384615384615385
1 0.3449519230769231 0.9038461538461539 0.14423076923076922 0.17067307692307693
1 0.2536057692307692 0.234375 0.16105769230769232 0.18028846153846154
1 0.12980769230769232 0.8810096153846154 0.17307692307692307 0.15625
1 0.13221153846153846 0.45913461538461536 0.2644230769230769 0.23557692307692307
1 0.140625 0.21995192307692307 0.23076923076923078 0.21394230769230768