1 0.8942307692307693 0.5552884615384616 0.20673076923076922 0.19230769230769232
1 0.8569711538461539 0.38822115384615385 0.28125 0.27163461538461536
1 0.8185096153846154 0.6742788461538461 0.3389423076923077 0.19230769230769232
1 0.8413461538461539 0.21634615384615385 0.3125 0.3125
1 0.6983173076923077 0.8377403846153846 0.25240384615384615 0.31971153846153844
1 0.7079326923076923 0.16466346153846154 0.34615384615384615 0.2860576923076923
1 0.5036057692307693 0.8665865384615384 0.31971153846153844 0.2620192307692308
1 0.5048076923076923 0.11778846153846154 0.3125 0.23557692307692307
1 0.3173076923076923 0.8317307692307693 0.4182692307692308 0.3317307692307692
1 0.20552884615384615 0.14423076923076922 0.3629807692307692 0.28846153846153844
1 0.19591346153846154 0.3581730769230769 0.3798076923076923 0.2403846153846154
1 0.15745192307692307 0.7415865384615384 0.31490384615384615 0.31971153846153844
1 0.171875 0.5444711538461539 0.34375 0.25240384615384615