1 0.8966346153846154 0.4795673076923077 0.20192307692307693 0.18990384615384615
1 0.8425480769230769 0.31850961538461536 0.30288461538461536 0.2644230769230769
1 0.8377403846153846 0.609375 0.31971153846153844 0.18990384615384615
1 0.8004807692307693 0.15264423076923078 0.3485576923076923 0.30528846153846156
1 0.7608173076923077 0.8112980769230769 0.24519230769230768 0.3485576923076923
1 0.6418269230769231 0.13701923076923078 0.34615384615384615 0.27403846153846156
1 0.5745192307692307 0.8641826923076923 0.3173076923076923 0.2668269230769231
1 0.42908653846153844 0.1201923076923077 0.31009615384615385 0.2403846153846154
1 0.38461538461538464 0.8473557692307693 0.41346153846153844 0.3004807692307692
1 0.15865384615384615 0.1814903846153846 0.3173076923076923 0.33413461538461536
1 0.18269230769230768 0.41947115384615385 0.36538461538461536 0.23798076923076922
1 0.18870192307692307 0.8076923076923077 0.35096153846153844 0.31009615384615385
1 0.1778846153846154 0.6069711538461539 0.35336538461538464 0.24519230769230768