1 0.5817307692307693 0.11057692307692307 0.20192307692307693 0.22115384615384615
1 0.41346153846153844 0.14302884615384615 0.28846153846153844 0.2860576923076923
1 0.6947115384615384 0.19230769230769232 0.2091346153846154 0.3485576923076923
1 0.2439903846153846 0.15264423076923078 0.33413461538461536 0.30528846153846156
1 0.8413461538461539 0.3293269230769231 0.3125 0.27403846153846156
1 0.17908653846153846 0.2692307692307692 0.3076923076923077 0.3605769230769231
1 0.8617788461538461 0.5252403846153846 0.27163461538461536 0.33413461538461536
1 0.12259615384615384 0.4699519230769231 0.24519230769230768 0.3245192307692308
1 0.8185096153846154 0.7091346153846154 0.3581730769230769 0.4326923076923077
1 0.13942307692307693 0.7680288461538461 0.27884615384615385 0.38221153846153844
1 0.33774038461538464 0.7932692307692307 0.2644230769230769 0.3894230769230769
1 0.71875 0.8449519230769231 0.34134615384615385 0.30528846153846156
1 0.5192307692307693 0.8257211538461539 0.27403846153846156 0.34375