0 0.16346153846153846 0.39903846153846156 0.10096153846153846 0.07451923076923077
0 0.39663461538461536 0.5793269230769231 0.06971153846153846 0.0889423076923077
0 0.47836538461538464 0.5408653846153846 0.10336538461538461 0.11538461538461539
0 0.5817307692307693 0.5072115384615384 0.07451923076923077 0.0673076923076923
0 0.6298076923076923 0.5408653846153846 0.10817307692307693 0.10096153846153846
0 0.7307692307692307 0.5192307692307693 0.11778846153846154 0.05048076923076923
0 0.16346153846153846 0.21634615384615385 0.10096153846153846 0.07451923076923077
0 0.16466346153846154 0.9675480769230769 0.10336538461538461 0.06009615384615385
0 0.39663461538461536 0.040865384615384616 0.07211538461538461 0.08173076923076923
0 0.39663461538461536 0.7956730769230769 0.06971153846153846 0.0889423076923077
0 0.47836538461538464 0.07451923076923077 0.10336538461538461 0.11538461538461539
0 0.47836538461538464 0.8341346153846154 0.10336538461538461 0.11538461538461539
0 0.5817307692307693 0.10817307692307693 0.07451923076923077 0.0673076923076923
0 0.5817307692307693 0.8677884615384616 0.07451923076923077 0.0673076923076923
0 0.6298076923076923 0.07451923076923077 0.10817307692307693 0.10096153846153846
0 0.6298076923076923 0.8341346153846154 0.10817307692307693 0.10096153846153846
0 0.7307692307692307 0.09615384615384616 0.11778846153846154 0.05048076923076923
0 0.7307692307692307 0.8557692307692307 0.11778846153846154 0.05048076923076923