4 0.37740384615384615 0.44471153846153844 0.1346153846153846 0.12980769230769232
4 0.34375 0.7235576923076923 0.04567307692307692 0.10336538461538461
4 0.3605769230769231 0.5673076923076923 0.03125 0.038461538461538464
4 0.3701923076923077 0.5961538461538461 0.04567307692307692 0.0673076923076923
4 0.3942307692307692 0.29086538461538464 0.07932692307692307 0.10096153846153846
4 0.40384615384615385 0.8942307692307693 0.07932692307692307 0.07692307692307693
4 0.41586538461538464 0.5841346153846154 0.03125 0.05048076923076923
4 0.5552884615384616 0.5745192307692307 0.0889423076923077 0.06971153846153846
4 0.5745192307692307 0.8894230769230769 0.05048076923076923 0.036057692307692304
4 0.6153846153846154 0.29086538461538464 0.10096153846153846 0.08653846153846154
4 0.6057692307692307 0.14182692307692307 0.057692307692307696 0.10336538461538461
4 0.625 0.6081730769230769 0.057692307692307696 0.05048076923076923
4 0.625 0.8822115384615384 0.052884615384615384 0.055288461538461536
4 0.6490384615384616 0.45913461538461536 0.09615384615384616 0.10336538461538461
4 0.6802884615384616 0.6105769230769231 0.05048076923076923 0.06490384615384616
4 0.12740384615384615 0.44471153846153844 0.1346153846153846 0.12980769230769232
4 0.16105769230769232 0.7235576923076923 0.04567307692307692 0.10336538461538461
4 0.14423076923076922 0.5673076923076923 0.03125 0.038461538461538464
4 0.1346153846153846 0.5961538461538461 0.04567307692307692 0.0673076923076923
4 0.11057692307692307 0.29086538461538464 0.07932692307692307 0.10096153846153846
4 0.10096153846153846 0.8942307692307693 0.07932692307692307 0.07692307692307693
4 0.0889423076923077 0.5841346153846154 0.03125 0.05048076923076923
4 0.9350961538461539 0.5745192307692307 0.0889423076923077 0.06971153846153846
4 0.9158653846153846 0.8894230769230769 0.05048076923076923 0.036057692307692304
4 0.875 0.29086538461538464 0.10096153846153846 0.08653846153846154
4 0.8846153846153846 0.14182692307692307 0.057692307692307696 0.10336538461538461
4 0.8653846153846154 0.6081730769230769 0.057692307692307696 0.05048076923076923
4 0.8653846153846154 0.8822115384615384 0.052884615384615384 0.055288461538461536
4 0.8413461538461539 0.45913461538461536 0.09615384615384616 0.10336538461538461
4 0.8100961538461539 0.6105769230769231 0.05048076923076923 0.06490384615384616