0 0.08653846153846154 0.6802884615384616 0.08653846153846154 0.05048076923076923
0 0.3293269230769231 0.6466346153846154 0.09375 0.0625
0 0.3269230769230769 0.4735576923076923 0.07451923076923077 0.04807692307692308
0 0.4543269230769231 0.7716346153846154 0.09375 0.06490384615384616
0 0.4855769230769231 0.24759615384615385 0.08173076923076923 0.06490384615384616
0 0.5480769230769231 0.5288461538461539 0.08413461538461539 0.038461538461538464
0 0.6057692307692307 0.7932692307692307 0.10336538461538461 0.07211538461538461
0 0.6201923076923077 0.47596153846153844 0.07932692307692307 0.040865384615384616
0 0.6394230769230769 0.625 0.08173076923076923 0.13221153846153846
0 0.7427884615384616 0.6947115384615384 0.07932692307692307 0.05048076923076923
0 0.75 0.25240384615384615 0.08173076923076923 0.057692307692307696
0 0.9158653846153846 0.8100961538461539 0.09375 0.040865384615384616
0 0.08774038461538461 0.9771634615384616 0.0889423076923077 0.040865384615384616
0 0.4543269230769231 0.8918269230769231 0.09375 0.06490384615384616
0 0.4855769230769231 0.08413461538461539 0.08173076923076923 0.06490384615384616
0 0.6057692307692307 0.8701923076923077 0.10336538461538461 0.07211538461538461
0 0.640625 0.984375 0.08413461538461539 0.026442307692307692
0 0.7427884615384616 0.96875 0.07932692307692307 0.05048076923076923
0 0.75 0.07932692307692307 0.08173076923076923 0.057692307692307696
0 0.9158653846153846 0.8533653846153846 0.09375 0.040865384615384616