0 0.008413461538461538 0.6538461538461539 0.016826923076923076 0.028846153846153848
0 0.09014423076923077 0.5576923076923077 0.18028846153846154 0.1346153846153846
0 0.23798076923076922 0.3894230769230769 0.47596153846153844 0.14423076923076922
0 0.007211538461538462 0.31971153846153844 0.01201923076923077 0.014423076923076924
0 0.02403846153846154 0.6658653846153846 0.019230769230769232 0.02403846153846154
0 0.05048076923076923 0.6682692307692307 0.019230769230769232 0.03365384615384615
0 0.08173076923076923 0.6322115384615384 0.026442307692307692 0.019230769230769232
0 0.08653846153846154 0.65625 0.021634615384615384 0.021634615384615384
0 0.13701923076923078 0.6225961538461539 0.02403846153846154 0.028846153846153848
0 0.15625 0.6370192307692307 0.021634615384615384 0.02403846153846154
0 0.15865384615384615 0.4735576923076923 0.01201923076923077 0.014423076923076924
0 0.24759615384615385 0.6225961538461539 0.13701923076923078 0.11538461538461539
0 0.20432692307692307 0.5673076923076923 0.016826923076923076 0.019230769230769232
0 0.2283653846153846 0.5528846153846154 0.026442307692307692 0.019230769230769232
0 0.2620192307692308 0.5216346153846154 0.036057692307692304 0.021634615384615384
0 0.2932692307692308 0.5360576923076923 0.021634615384615384 0.021634615384615384
0 0.2956730769230769 0.3076923076923077 0.016826923076923076 0.014423076923076924
0 0.3076923076923077 0.5625 0.028846153846153848 0.016826923076923076
0 0.3004807692307692 0.49278846153846156 0.009615384615384616 0.021634615384615384
0 0.31971153846153844 0.49759615384615385 0.016826923076923076 0.019230769230769232
0 0.46634615384615385 0.5793269230769231 0.30288461538461536 0.19230769230769232
0 0.3389423076923077 0.5408653846153846 0.021634615384615384 0.021634615384615384
0 0.34375 0.49038461538461536 0.019230769230769232 0.019230769230769232
0 0.3581730769230769 0.49038461538461536 0.014423076923076924 0.021634615384615384
0 0.375 0.4879807692307692 0.019230769230769232 0.02403846153846154
0 0.37740384615384615 0.5504807692307693 0.021634615384615384 0.019230769230769232
0 0.37740384615384615 0.31009615384615385 0.01201923076923077 0.014423076923076924
0 0.4014423076923077 0.49759615384615385 0.021634615384615384 0.021634615384615384
0 0.41586538461538464 0.5168269230769231 0.026442307692307692 0.016826923076923076
0 0.4254807692307692 0.4807692307692308 0.02403846153846154 0.019230769230769232
0 0.4423076923076923 0.4639423076923077 0.026442307692307692 0.016826923076923076
0 0.4519230769230769 0.3076923076923077 0.019230769230769232 0.01201923076923077
0 0.4639423076923077 0.6995192307692307 0.019230769230769232 0.028846153846153848
0 0.4879807692307692 0.4495192307692308 0.02403846153846154 0.019230769230769232
0 0.5408653846153846 0.6947115384615384 0.03365384615384615 0.03125
0 0.5480769230769231 0.3629807692307692 0.021634615384615384 0.016826923076923076
0 0.5769230769230769 0.46634615384615385 0.02403846153846154 0.021634615384615384
0 0.6298076923076923 0.29086538461538464 0.016826923076923076 0.016826923076923076
0 0.6346153846153846 0.3317307692307692 0.026442307692307692 0.014423076923076924
0 0.7115384615384616 0.5600961538461539 0.18028846153846154 0.14903846153846154
0 0.6346153846153846 0.6442307692307693 0.021634615384615384 0.02403846153846154
0 0.6442307692307693 0.3245192307692308 0.019230769230769232 0.009615384615384616
0 0.6466346153846154 0.3629807692307692 0.021634615384615384 0.014423076923076924
0 0.6875 0.4326923076923077 0.02403846153846154 0.019230769230769232
0 0.6850961538461539 0.4543269230769231 0.014423076923076924 0.021634615384615384
0 0.7043269230769231 0.3557692307692308 0.02403846153846154 0.016826923076923076
0 0.7019230769230769 0.36778846153846156 0.01201923076923077 0.014423076923076924
0 0.7283653846153846 0.7043269230769231 0.040865384615384616 0.028846153846153848
0 0.71875 0.6658653846153846 0.019230769230769232 0.016826923076923076
0 0.7307692307692307 0.6322115384615384 0.021634615384615384 0.016826923076923076
0 0.7379807692307693 0.65625 0.021634615384615384 0.019230769230769232
0 0.7524038461538461 0.41346153846153844 0.026442307692307692 0.014423076923076924
0 0.7668269230769231 0.6706730769230769 0.03125 0.028846153846153848
0 0.7668269230769231 0.4831730769230769 0.021634615384615384 0.021634615384615384
0 0.7980769230769231 0.6586538461538461 0.040865384615384616 0.026442307692307692
0 0.7932692307692307 0.6370192307692307 0.021634615384615384 0.014423076923076924
0 0.8149038461538461 0.5913461538461539 0.02403846153846154 0.02403846153846154
0 0.8293269230769231 0.5168269230769231 0.026442307692307692 0.021634615384615384
0 0.8293269230769231 0.5576923076923077 0.02403846153846154 0.019230769230769232
0 0.8389423076923077 0.5793269230769231 0.021634615384615384 0.019230769230769232
0 0.84375 0.6586538461538461 0.028846153846153848 0.03365384615384615
0 0.84375 0.4879807692307692 0.02403846153846154 0.014423076923076924
0 0.8557692307692307 0.5576923076923077 0.019230769230769232 0.019230769230769232
0 0.8581730769230769 0.5024038461538461 0.02403846153846154 0.019230769230769232
0 0.8725961538461539 0.4735576923076923 0.021634615384615384 0.016826923076923076
0 0.9302884615384616 0.5865384615384616 0.1346153846153846 0.14182692307692307
0 0.8822115384615384 0.6658653846153846 0.028846153846153848 0.028846153846153848
0 0.9014423076923077 0.4735576923076923 0.019230769230769232 0.009615384615384616
0 0.9350961538461539 0.49759615384615385 0.03365384615384615 0.019230769230769232
0 0.9399038461538461 0.6610576923076923 0.026442307692307692 0.03125
0 0.9423076923076923 0.3870192307692308 0.02403846153846154 0.03125
0 0.9903846153846154 0.4879807692307692 0.014423076923076924 0.016826923076923076
0 0.008413461538461538 0.8389423076923077 0.016826923076923076 0.028846153846153848
0 0.09014423076923077 0.9326923076923077 0.18028846153846154 0.12980769230769232
0 0.23798076923076922 0.11538461538461539 0.47596153846153844 0.14423076923076922
0 0.007211538461538462 0.18509615384615385 0.01201923076923077 0.014423076923076924
0 0.02403846153846154 0.8269230769230769 0.019230769230769232 0.02403846153846154
0 0.05048076923076923 0.8245192307692307 0.019230769230769232 0.03365384615384615
0 0.08173076923076923 0.8605769230769231 0.026442307692307692 0.019230769230769232
0 0.08653846153846154 0.8365384615384616 0.021634615384615384 0.021634615384615384
0 0.13701923076923078 0.8701923076923077 0.02403846153846154 0.028846153846153848
0 0.15625 0.8557692307692307 0.021634615384615384 0.02403846153846154
0 0.15865384615384615 0.03125 0.01201923076923077 0.014423076923076924
0 0.24759615384615385 0.8701923076923077 0.13701923076923078 0.11538461538461539
0 0.20432692307692307 0.9254807692307693 0.016826923076923076 0.019230769230769232
0 0.2283653846153846 0.9399038461538461 0.026442307692307692 0.019230769230769232
0 0.2620192307692308 0.9711538461538461 0.036057692307692304 0.021634615384615384
0 0.2932692307692308 0.9567307692307693 0.021634615384615384 0.021634615384615384
0 0.2956730769230769 0.1971153846153846 0.016826923076923076 0.014423076923076924
0 0.3076923076923077 0.9302884615384616 0.028846153846153848 0.016826923076923076
0 0.3004807692307692 0.01201923076923077 0.009615384615384616 0.021634615384615384
0 0.3016826923076923 0.9927884615384616 0.01201923076923077 0.009615384615384616
0 0.31971153846153844 0.009615384615384616 0.019230769230769232 0.019230769230769232
0 0.31971153846153844 0.9915865384615384 0.019230769230769232 0.01201923076923077
0 0.4675480769230769 0.9074519230769231 0.30528846153846156 0.18028846153846154
0 0.3389423076923077 0.9519230769230769 0.021634615384615384 0.021634615384615384
0 0.34375 0.014423076923076924 0.019230769230769232 0.019230769230769232
0 0.3449519230769231 0.9951923076923077 0.021634615384615384 0.004807692307692308
0 0.3581730769230769 0.014423076923076924 0.014423076923076924 0.021634615384615384
0 0.359375 0.9939903846153846 0.016826923076923076 0.007211538461538462
0 0.375 0.016826923076923076 0.019230769230769232 0.02403846153846154
0 0.3762019230769231 0.9951923076923077 0.021634615384615384 0.004807692307692308
0 0.37740384615384615 0.9423076923076923 0.021634615384615384 0.019230769230769232
0 0.37740384615384615 0.19471153846153846 0.01201923076923077 0.014423076923076924
0 0.4014423076923077 0.009615384615384616 0.02403846153846154 0.019230769230769232
0 0.4014423076923077 0.9903846153846154 0.02403846153846154 0.014423076923076924
0 0.41586538461538464 0.9759615384615384 0.026442307692307692 0.016826923076923076
0 0.4254807692307692 0.02403846153846154 0.02403846153846154 0.019230769230769232
0 0.4423076923076923 0.040865384615384616 0.026442307692307692 0.016826923076923076
0 0.4519230769230769 0.1971153846153846 0.019230769230769232 0.01201923076923077
0 0.4639423076923077 0.7932692307692307 0.019230769230769232 0.028846153846153848
0 0.4879807692307692 0.055288461538461536 0.02403846153846154 0.019230769230769232
0 0.5408653846153846 0.7980769230769231 0.03365384615384615 0.03125
0 0.5480769230769231 0.14182692307692307 0.021634615384615384 0.016826923076923076
0 0.5769230769230769 0.038461538461538464 0.02403846153846154 0.021634615384615384
0 0.6298076923076923 0.21394230769230768 0.016826923076923076 0.016826923076923076
0 0.6346153846153846 0.17307692307692307 0.026442307692307692 0.014423076923076924
0 0.7115384615384616 0.9278846153846154 0.18269230769230768 0.13942307692307693
0 0.6346153846153846 0.8485576923076923 0.021634615384615384 0.02403846153846154
0 0.6442307692307693 0.18028846153846154 0.019230769230769232 0.009615384615384616
0 0.6466346153846154 0.14182692307692307 0.021634615384615384 0.014423076923076924
0 0.6875 0.07211538461538461 0.02403846153846154 0.019230769230769232
0 0.6850961538461539 0.05048076923076923 0.014423076923076924 0.021634615384615384
0 0.7043269230769231 0.14903846153846154 0.02403846153846154 0.016826923076923076
0 0.7019230769230769 0.13701923076923078 0.01201923076923077 0.014423076923076924
0 0.7283653846153846 0.7884615384615384 0.040865384615384616 0.028846153846153848
0 0.71875 0.8269230769230769 0.019230769230769232 0.016826923076923076
0 0.7307692307692307 0.8605769230769231 0.021634615384615384 0.016826923076923076
0 0.7379807692307693 0.8365384615384616 0.021634615384615384 0.019230769230769232
0 0.7524038461538461 0.09134615384615384 0.026442307692307692 0.014423076923076924
0 0.7668269230769231 0.8221153846153846 0.03125 0.028846153846153848
0 0.7668269230769231 0.021634615384615384 0.021634615384615384 0.021634615384615384
0 0.7980769230769231 0.8341346153846154 0.040865384615384616 0.026442307692307692
0 0.7932692307692307 0.8557692307692307 0.021634615384615384 0.014423076923076924
0 0.8149038461538461 0.9014423076923077 0.02403846153846154 0.02403846153846154
0 0.8293269230769231 0.9759615384615384 0.026442307692307692 0.021634615384615384
0 0.8293269230769231 0.9350961538461539 0.02403846153846154 0.019230769230769232
0 0.8389423076923077 0.9134615384615384 0.021634615384615384 0.019230769230769232
0 0.84375 0.8341346153846154 0.028846153846153848 0.03365384615384615
0 0.84375 0.016826923076923076 0.02403846153846154 0.014423076923076924
0 0.8557692307692307 0.9350961538461539 0.019230769230769232 0.019230769230769232
0 0.859375 0.007211538461538462 0.026442307692307692 0.014423076923076924
0 0.859375 0.9891826923076923 0.026442307692307692 0.016826923076923076
0 0.8725961538461539 0.03125 0.021634615384615384 0.016826923076923076
0 0.9302884615384616 0.90625 0.1346153846153846 0.14182692307692307
0 0.8822115384615384 0.8269230769230769 0.028846153846153848 0.028846153846153848
0 0.9014423076923077 0.03125 0.019230769230769232 0.009615384615384616
0 0.9362980769230769 0.009615384615384616 0.036057692307692304 0.019230769230769232
0 0.9362980769230769 0.9915865384615384 0.036057692307692304 0.01201923076923077
0 0.9399038461538461 0.8317307692307693 0.026442307692307692 0.03125
0 0.9423076923076923 0.11778846153846154 0.02403846153846154 0.03125
0 0.9903846153846154 0.016826923076923076 0.014423076923076924 0.016826923076923076