0 0.8052884615384616 0.46875 0.1658653846153846 0.10576923076923077
0 0.13221153846153846 0.4206730769230769 0.1201923076923077 0.08413461538461539
0 0.17307692307692307 0.35336538461538464 0.11778846153846154 0.06971153846153846
0 0.2283653846153846 0.4423076923076923 0.1346153846153846 0.13221153846153846
0 0.3004807692307692 0.4375 0.13221153846153846 0.11778846153846154
0 0.3701923076923077 0.4110576923076923 0.08653846153846154 0.11778846153846154
0 0.3870192307692308 0.42788461538461536 0.07932692307692307 0.10336538461538461
0 0.44711538461538464 0.4206730769230769 0.10336538461538461 0.125
0 0.4831730769230769 0.47115384615384615 0.04807692307692308 0.10576923076923077
0 0.65625 0.44711538461538464 0.1466346153846154 0.14903846153846154
0 0.6466346153846154 0.38461538461538464 0.05048076923076923 0.052884615384615384
0 0.8052884615384616 0.038461538461538464 0.16826923076923078 0.07692307692307693
0 0.13221153846153846 0.06971153846153846 0.1201923076923077 0.08413461538461539
0 0.17307692307692307 0.13701923076923078 0.11778846153846154 0.06971153846153846
0 0.22956730769230768 0.057692307692307696 0.13701923076923078 0.11538461538461539
0 0.3004807692307692 0.056490384615384616 0.1346153846153846 0.11298076923076923
0 0.3701923076923077 0.07932692307692307 0.08653846153846154 0.11778846153846154
0 0.3870192307692308 0.0625 0.07932692307692307 0.10336538461538461
0 0.44711538461538464 0.06971153846153846 0.10336538461538461 0.125
0 0.484375 0.037259615384615384 0.05048076923076923 0.07451923076923077
0 0.65625 0.06009615384615385 0.14903846153846154 0.1201923076923077
0 0.6466346153846154 0.10576923076923077 0.05048076923076923 0.052884615384615384