2 0.19951923076923078 0.4375 0.0985576923076923 0.09134615384615384
2 0.24519230769230768 0.6274038461538461 0.0889423076923077 0.11778846153846154
2 0.3269230769230769 0.40625 0.11057692307692307 0.13701923076923078
2 0.4110576923076923 0.5552884615384616 0.09615384615384616 0.10096153846153846
2 0.4567307692307692 0.3629807692307692 0.11778846153846154 0.13942307692307693
2 0.5216346153846154 0.5024038461538461 0.09615384615384616 0.10096153846153846
2 0.5793269230769231 0.3076923076923077 0.09615384615384616 0.1201923076923077
2 0.6490384615384616 0.4735576923076923 0.08653846153846154 0.10576923076923077
2 0.7884615384615384 0.43509615384615385 0.10576923076923077 0.10336538461538461
2 0.05048076923076923 0.4375 0.0985576923076923 0.09134615384615384
2 0.025240384615384616 0.6274038461538461 0.05048076923076923 0.1201923076923077
2 0.953125 0.43509615384615385 0.0889423076923077 0.10576923076923077