0 0.43990384615384615 0.5264423076923077 0.05048076923076923 0.052884615384615384
0 0.040865384615384616 0.38461538461538464 0.07932692307692307 0.03365384615384615
0 0.038461538461538464 0.49278846153846156 0.057692307692307696 0.04567307692307692
0 0.06490384615384616 0.31009615384615385 0.07932692307692307 0.05048076923076923
0 0.052884615384615384 0.44471153846153844 0.05048076923076923 0.040865384615384616
0 0.0673076923076923 0.43509615384615385 0.052884615384615384 0.019230769230769232
0 0.07211538461538461 0.34615384615384615 0.04567307692307692 0.04807692307692308
0 0.07451923076923077 0.5456730769230769 0.038461538461538464 0.055288461538461536
0 0.0985576923076923 0.5745192307692307 0.028846153846153848 0.026442307692307692
0 0.13701923076923078 0.4951923076923077 0.07211538461538461 0.036057692307692304
0 0.15865384615384615 0.47596153846153844 0.055288461538461536 0.028846153846153848
0 0.18509615384615385 0.6995192307692307 0.02403846153846154 0.028846153846153848
0 0.21634615384615385 0.6370192307692307 0.0625 0.04567307692307692
0 0.22355769230769232 0.5673076923076923 0.055288461538461536 0.026442307692307692
0 0.25961538461538464 0.4014423076923077 0.06009615384615385 0.021634615384615384
0 0.28365384615384615 0.53125 0.06009615384615385 0.026442307692307692
0 0.2932692307692308 0.43509615384615385 0.04326923076923077 0.026442307692307692
0 0.3269230769230769 0.5817307692307693 0.03365384615384615 0.03125
0 0.36538461538461536 0.6514423076923077 0.07692307692307693 0.028846153846153848
0 0.3557692307692308 0.3557692307692308 0.04326923076923077 0.03365384615384615
0 0.37259615384615385 0.6610576923076923 0.04807692307692308 0.07211538461538461
0 0.40384615384615385 0.5288461538461539 0.06490384615384616 0.021634615384615384
0 0.40865384615384615 0.4831730769230769 0.04567307692307692 0.04326923076923077
0 0.40865384615384615 0.4014423076923077 0.03125 0.036057692307692304
0 0.41586538461538464 0.6754807692307693 0.04567307692307692 0.04807692307692308
0 0.4831730769230769 0.6298076923076923 0.057692307692307696 0.026442307692307692
0 0.4879807692307692 0.5096153846153846 0.036057692307692304 0.040865384615384616
0 0.6009615384615384 0.6466346153846154 0.03365384615384615 0.057692307692307696
0 0.7668269230769231 0.7043269230769231 0.036057692307692304 0.036057692307692304
0 0.8365384615384616 0.6610576923076923 0.052884615384615384 0.014423076923076924
0 0.8461538461538461 0.6129807692307693 0.052884615384615384 0.038461538461538464
0 0.8846153846153846 0.6370192307692307 0.04326923076923077 0.021634615384615384
0 0.9735576923076923 0.6418269230769231 0.04807692307692308 0.040865384615384616
0 0.43990384615384615 0.02283653846153846 0.052884615384615384 0.04567307692307692
0 0.43990384615384615 0.9230769230769231 0.05048076923076923 0.052884615384615384
0 0.040865384615384616 0.15865384615384615 0.07932692307692307 0.03365384615384615
0 0.038461538461538464 0.05048076923076923 0.057692307692307696 0.04567307692307692
0 0.038461538461538464 0.9567307692307693 0.057692307692307696 0.04567307692307692
0 0.06490384615384616 0.23317307692307693 0.07932692307692307 0.05048076923076923
0 0.052884615384615384 0.0985576923076923 0.05048076923076923 0.040865384615384616
0 0.052884615384615384 0.9903846153846154 0.052884615384615384 0.014423076923076924
0 0.0673076923076923 0.10817307692307693 0.052884615384615384 0.019230769230769232
0 0.07211538461538461 0.1971153846153846 0.04567307692307692 0.04807692307692308
0 0.07572115384615384 0.013221153846153846 0.040865384615384616 0.026442307692307692
0 0.07451923076923077 0.9038461538461539 0.038461538461538464 0.055288461538461536
0 0.0985576923076923 0.875 0.028846153846153848 0.026442307692307692
0 0.13701923076923078 0.04807692307692308 0.07211538461538461 0.036057692307692304
0 0.13701923076923078 0.9543269230769231 0.07211538461538461 0.036057692307692304
0 0.15865384615384615 0.0673076923076923 0.055288461538461536 0.028846153846153848
0 0.15865384615384615 0.9735576923076923 0.055288461538461536 0.028846153846153848
0 0.18509615384615385 0.75 0.02403846153846154 0.028846153846153848
0 0.21634615384615385 0.8125 0.0625 0.04567307692307692
0 0.22355769230769232 0.8822115384615384 0.055288461538461536 0.026442307692307692
0 0.25961538461538464 0.14182692307692307 0.06009615384615385 0.021634615384615384
0 0.28365384615384615 0.013221153846153846 0.0625 0.026442307692307692
0 0.28365384615384615 0.9182692307692307 0.06009615384615385 0.026442307692307692
0 0.2932692307692308 0.10817307692307693 0.04326923076923077 0.026442307692307692
0 0.3269230769230769 0.8677884615384616 0.03365384615384615 0.03125
0 0.36538461538461536 0.7980769230769231 0.07692307692307693 0.028846153846153848
0 0.3557692307692308 0.1875 0.04326923076923077 0.03365384615384615
0 0.37259615384615385 0.7884615384615384 0.04807692307692308 0.07211538461538461
0 0.40384615384615385 0.014423076923076924 0.06490384615384616 0.021634615384615384
0 0.40384615384615385 0.9206730769230769 0.06490384615384616 0.021634615384615384
0 0.40865384615384615 0.06009615384615385 0.04567307692307692 0.04326923076923077
0 0.40865384615384615 0.9663461538461539 0.04567307692307692 0.04326923076923077
0 0.40865384615384615 0.14182692307692307 0.03125 0.036057692307692304
0 0.41586538461538464 0.7740384615384616 0.04567307692307692 0.04807692307692308
0 0.4831730769230769 0.8197115384615384 0.057692307692307696 0.026442307692307692
0 0.4879807692307692 0.03365384615384615 0.036057692307692304 0.040865384615384616
0 0.4879807692307692 0.9399038461538461 0.036057692307692304 0.040865384615384616
0 0.6009615384615384 0.8028846153846154 0.03365384615384615 0.057692307692307696
0 0.7668269230769231 0.7451923076923077 0.036057692307692304 0.036057692307692304
0 0.8365384615384616 0.7884615384615384 0.052884615384615384 0.014423076923076924
0 0.8461538461538461 0.8365384615384616 0.052884615384615384 0.038461538461538464
0 0.8846153846153846 0.8125 0.04326923076923077 0.021634615384615384
0 0.9735576923076923 0.8076923076923077 0.04807692307692308 0.040865384615384616