0 0.8389423076923077 0.6802884615384616 0.057692307692307696 0.0889423076923077
0 0.2692307692307692 0.40625 0.03125 0.0673076923076923
0 0.31490384615384615 0.43509615384615385 0.052884615384615384 0.06490384615384616
0 0.3389423076923077 0.6586538461538461 0.036057692307692304 0.0625
0 0.44711538461538464 0.3918269230769231 0.052884615384615384 0.08653846153846154
0 0.4879807692307692 0.4423076923076923 0.052884615384615384 0.08173076923076923
0 0.5 0.5360576923076923 0.04807692307692308 0.08653846153846154
0 0.5384615384615384 0.6947115384615384 0.057692307692307696 0.06490384615384616
0 0.5817307692307693 0.6274038461538461 0.04807692307692308 0.04807692307692308
0 0.5961538461538461 0.6658653846153846 0.052884615384615384 0.04326923076923077
0 0.8173076923076923 0.44711538461538464 0.0625 0.06971153846153846
0 0.90625 0.7956730769230769 0.057692307692307696 0.057692307692307696
0 0.9855769230769231 0.4951923076923077 0.02403846153846154 0.052884615384615384
0 0.8401442307692307 0.9675480769230769 0.06009615384615385 0.06009615384615385
0 0.3389423076923077 0.9855769230769231 0.038461538461538464 0.02403846153846154
0 0.5396634615384616 0.9663461538461539 0.06009615384615385 0.0625
0 0.5973557692307693 0.9867788461538461 0.055288461538461536 0.021634615384615384
0 0.90625 0.8677884615384616 0.057692307692307696 0.057692307692307696