0 0.75 0.8245192307692307 0.07932692307692307 0.08173076923076923
0 0.01201923076923077 0.3581730769230769 0.02403846153846154 0.040865384615384616
0 0.020432692307692308 0.15504807692307693 0.040865384615384616 0.055288461538461536
0 0.030048076923076924 0.4651442307692308 0.06009615384615385 0.06971153846153846
0 0.036057692307692304 0.38461538461538464 0.057692307692307696 0.05048076923076923
0 0.17067307692307693 0.3894230769230769 0.25961538461538464 0.1875
0 0.08173076923076923 0.39663461538461536 0.04567307692307692 0.04567307692307692
0 0.11298076923076923 0.44471153846153844 0.055288461538461536 0.06490384615384616
0 0.12980769230769232 0.4831730769230769 0.04807692307692308 0.06490384615384616
0 0.15384615384615385 0.4639423076923077 0.07211538461538461 0.06490384615384616
0 0.16346153846153846 0.5745192307692307 0.08173076923076923 0.0673076923076923
0 0.2860576923076923 0.6899038461538461 0.08173076923076923 0.14182692307692307
0 0.3293269230769231 0.3701923076923077 0.04807692307692308 0.06009615384615385
0 0.34375 0.4735576923076923 0.028846153846153848 0.04807692307692308
0 0.39663461538461536 0.34134615384615385 0.040865384615384616 0.057692307692307696
0 0.39663461538461536 0.40625 0.03125 0.06009615384615385
0 0.4543269230769231 0.5264423076923077 0.0625 0.06971153846153846
0 0.5144230769230769 0.6610576923076923 0.05048076923076923 0.06490384615384616
0 0.5408653846153846 0.49038461538461536 0.0625 0.07211538461538461
0 0.5625 0.35096153846153844 0.052884615384615384 0.04326923076923077
0 0.5649038461538461 0.4206730769230769 0.04567307692307692 0.06009615384615385
0 0.5913461538461539 0.5240384615384616 0.03125 0.06009615384615385
0 0.6778846153846154 0.44471153846153844 0.1971153846153846 0.19471153846153846
0 0.6322115384615384 0.6298076923076923 0.040865384615384616 0.06971153846153846
0 0.7451923076923077 0.5865384615384616 0.07932692307692307 0.06009615384615385
0 0.8677884615384616 0.4110576923076923 0.25721153846153844 0.21153846153846154
0 0.8173076923076923 0.53125 0.040865384615384616 0.06490384615384616
0 0.8846153846153846 0.6274038461538461 0.07211538461538461 0.07211538461538461
0 0.8990384615384616 0.5072115384615384 0.0673076923076923 0.08173076923076923
0 0.9375 0.5456730769230769 0.07211538461538461 0.06009615384615385
0 0.9423076923076923 0.75 0.06971153846153846 0.08413461538461539
0 0.9543269230769231 0.7163461538461539 0.08173076923076923 0.07211538461538461
0 0.9591346153846154 0.5625 0.07451923076923077 0.07451923076923077
0 0.75 0.9254807692307693 0.07932692307692307 0.08173076923076923
0 0.020432692307692308 0.09735576923076923 0.040865384615384616 0.055288461538461536
0 0.9423076923076923 0.9771634615384616 0.07211538461538461 0.040865384615384616