0 0.11778846153846154 0.6514423076923077 0.016826923076923076 0.021634615384615384
0 0.22596153846153846 0.6129807692307693 0.009615384615384616 0.007211538461538462
0 0.23798076923076922 0.6490384615384616 0.007211538461538462 0.007211538461538462
0 0.3701923076923077 0.6370192307692307 0.014423076923076924 0.009615384615384616
0 0.37259615384615385 0.6225961538461539 0.009615384615384616 0.009615384615384616
0 0.4230769230769231 0.5288461538461539 0.007211538461538462 0.016826923076923076
0 0.46634615384615385 0.5240384615384616 0.026442307692307692 0.04326923076923077
0 0.5096153846153846 0.6346153846153846 0.016826923076923076 0.016826923076923076
0 0.5961538461538461 0.6298076923076923 0.019230769230769232 0.016826923076923076
0 0.6033653846153846 0.6586538461538461 0.02403846153846154 0.009615384615384616
0 0.6586538461538461 0.6394230769230769 0.02403846153846154 0.021634615384615384
0 0.6754807692307693 0.6225961538461539 0.014423076923076924 0.014423076923076924
0 0.6923076923076923 0.6538461538461539 0.014423076923076924 0.016826923076923076
0 0.6947115384615384 0.6754807692307693 0.021634615384615384 0.021634615384615384
0 0.7163461538461539 0.6634615384615384 0.019230769230769232 0.019230769230769232
0 0.7355769230769231 0.6274038461538461 0.009615384615384616 0.02403846153846154
0 0.8125 0.6634615384615384 0.021634615384615384 0.01201923076923077
0 0.8557692307692307 0.3317307692307692 0.014423076923076924 0.021634615384615384
0 0.8990384615384616 0.5336538461538461 0.02403846153846154 0.038461538461538464
0 0.9134615384615384 0.5913461538461539 0.014423076923076924 0.009615384615384616
0 0.9783653846153846 0.5769230769230769 0.02403846153846154 0.02403846153846154
0 0.9927884615384616 0.5456730769230769 0.01201923076923077 0.040865384615384616
0 0.11778846153846154 0.9915865384615384 0.019230769230769232 0.01201923076923077
0 0.23798076923076922 0.9963942307692307 0.009615384615384616 0.002403846153846154
0 0.6033653846153846 0.9903846153846154 0.02403846153846154 0.009615384615384616
0 0.6935096153846154 0.9915865384615384 0.016826923076923076 0.01201923076923077
0 0.6947115384615384 0.9735576923076923 0.021634615384615384 0.021634615384615384
0 0.7163461538461539 0.9855769230769231 0.019230769230769232 0.019230769230769232
0 0.8125 0.9855769230769231 0.021634615384615384 0.01201923076923077
0 0.8557692307692307 0.014423076923076924 0.014423076923076924 0.021634615384615384