0 0.7283653846153846 0.7259615384615384 0.07211538461538461 0.12259615384615384
0 0.04326923076923077 0.7355769230769231 0.08653846153846154 0.0673076923076923
0 0.11057692307692307 0.7379807692307693 0.10817307692307693 0.0673076923076923
0 0.13221153846153846 0.3942307692307692 0.09375 0.10576923076923077
0 0.14903846153846154 0.6923076923076923 0.09134615384615384 0.05048076923076923
0 0.16346153846153846 0.4543269230769231 0.09615384615384616 0.125
0 0.20673076923076922 0.7379807692307693 0.0889423076923077 0.09615384615384616
0 0.20673076923076922 0.5192307692307693 0.06009615384615385 0.09615384615384616
0 0.23557692307692307 0.6802884615384616 0.057692307692307696 0.06971153846153846
0 0.27403846153846156 0.37740384615384615 0.125 0.10096153846153846
0 0.25721153846153844 0.6802884615384616 0.057692307692307696 0.057692307692307696
0 0.2644230769230769 0.6610576923076923 0.04326923076923077 0.03365384615384615
0 0.2932692307692308 0.6706730769230769 0.06971153846153846 0.04326923076923077
0 0.2956730769230769 0.6081730769230769 0.06009615384615385 0.05048076923076923
0 0.3293269230769231 0.7091346153846154 0.10096153846153846 0.08653846153846154
0 0.31490384615384615 0.6442307692307693 0.038461538461538464 0.040865384615384616
0 0.3293269230769231 0.6490384615384616 0.055288461538461536 0.040865384615384616
0 0.37259615384615385 0.5408653846153846 0.09375 0.0673076923076923
0 0.40865384615384615 0.5384615384615384 0.1658653846153846 0.16346153846153846
0 0.4014423076923077 0.7259615384615384 0.12259615384615384 0.11778846153846154
0 0.41346153846153844 0.59375 0.1466346153846154 0.04326923076923077
0 0.36778846153846156 0.6682692307692307 0.040865384615384616 0.057692307692307696
0 0.40384615384615385 0.6947115384615384 0.0625 0.036057692307692304
0 0.4326923076923077 0.7139423076923077 0.06490384615384616 0.05048076923076923
0 0.4423076923076923 0.6514423076923077 0.04567307692307692 0.07932692307692307
0 0.47596153846153844 0.6947115384615384 0.06971153846153846 0.0673076923076923
0 0.47115384615384615 0.6418269230769231 0.028846153846153848 0.04807692307692308
0 0.5 0.7355769230769231 0.0673076923076923 0.07211538461538461
0 0.49038461538461536 0.6442307692307693 0.03365384615384615 0.06971153846153846
0 0.5697115384615384 0.7211538461538461 0.1466346153846154 0.11538461538461539
0 0.5384615384615384 0.6514423076923077 0.05048076923076923 0.06490384615384616
0 0.5649038461538461 0.3629807692307692 0.07451923076923077 0.0673076923076923
0 0.5552884615384616 0.6923076923076923 0.03365384615384615 0.03125
0 0.7740384615384616 0.6706730769230769 0.44711538461538464 0.17548076923076922
0 0.5865384615384616 0.6346153846153846 0.0625 0.07692307692307693
0 0.5913461538461539 0.7091346153846154 0.055288461538461536 0.040865384615384616
0 0.625 0.5528846153846154 0.052884615384615384 0.052884615384615384
0 0.6754807692307693 0.5745192307692307 0.07451923076923077 0.0673076923076923
0 0.6899038461538461 0.5576923076923077 0.06490384615384616 0.04567307692307692
0 0.7524038461538461 0.59375 0.07211538461538461 0.057692307692307696
0 0.8269230769230769 0.7139423076923077 0.12259615384615384 0.08173076923076923
0 0.8317307692307693 0.6850961538461539 0.04326923076923077 0.04326923076923077
0 0.8725961538461539 0.6634615384615384 0.07211538461538461 0.036057692307692304
0 0.9086538461538461 0.5769230769230769 0.0673076923076923 0.055288461538461536
0 0.9615384615384616 0.6947115384615384 0.06971153846153846 0.05048076923076923
0 0.9879807692307693 0.6057692307692307 0.021634615384615384 0.055288461538461536
0 0.9927884615384616 0.5649038461538461 0.007211538461538462 0.026442307692307692
0 0.7283653846153846 0.9375 0.07211538461538461 0.12259615384615384
0 0.04326923076923077 0.9278846153846154 0.08653846153846154 0.0673076923076923
0 0.11057692307692307 0.9254807692307693 0.10817307692307693 0.0673076923076923
0 0.14903846153846154 0.9711538461538461 0.09134615384615384 0.05048076923076923
0 0.20673076923076922 0.9254807692307693 0.0889423076923077 0.09615384615384616
0 0.23677884615384615 0.9723557692307693 0.06009615384615385 0.05048076923076923
0 0.25841346153846156 0.9759615384615384 0.06009615384615385 0.04326923076923077
0 0.265625 0.9915865384615384 0.04567307692307692 0.01201923076923077
0 0.2932692307692308 0.984375 0.07211538461538461 0.026442307692307692
0 0.3293269230769231 0.9543269230769231 0.10096153846153846 0.08653846153846154
0 0.4014423076923077 0.9375 0.12259615384615384 0.11778846153846154
0 0.36778846153846156 0.9819711538461539 0.04326923076923077 0.03125
0 0.40384615384615385 0.96875 0.0625 0.036057692307692304
0 0.4326923076923077 0.9495192307692307 0.06490384615384616 0.05048076923076923
0 0.4423076923076923 0.984375 0.04807692307692308 0.026442307692307692
0 0.47596153846153844 0.9663461538461539 0.07211538461538461 0.0625
0 0.5 0.9278846153846154 0.0673076923076923 0.07211538461538461
0 0.49158653846153844 0.9903846153846154 0.036057692307692304 0.014423076923076924
0 0.5697115384615384 0.9411057692307693 0.14903846153846154 0.11298076923076923
0 0.5384615384615384 0.9879807692307693 0.052884615384615384 0.019230769230769232
0 0.5552884615384616 0.9711538461538461 0.03365384615384615 0.03125
0 0.7752403846153846 0.9507211538461539 0.4495192307692308 0.09375
0 0.5913461538461539 0.9543269230769231 0.055288461538461536 0.040865384615384616
0 0.8269230769230769 0.9495192307692307 0.12259615384615384 0.08173076923076923
0 0.8329326923076923 0.9771634615384616 0.04567307692307692 0.040865384615384616
0 0.8737980769230769 0.9891826923076923 0.07451923076923077 0.016826923076923076
0 0.9615384615384616 0.96875 0.06971153846153846 0.05048076923076923