0 0.24519230769230768 0.6201923076923077 0.026442307692307692 0.016826923076923076
0 0.27163461538461536 0.59375 0.04567307692307692 0.01201923076923077
0 0.28846153846153844 0.5697115384615384 0.052884615384615384 0.009615384615384616
0 0.29086538461538464 0.5480769230769231 0.036057692307692304 0.01201923076923077
0 0.30528846153846156 0.5288461538461539 0.03365384615384615 0.009615384615384616
0 0.31971153846153844 0.5048076923076923 0.06009615384615385 0.009615384615384616
0 0.3485576923076923 0.40384615384615385 0.07451923076923077 0.02403846153846154
0 0.33653846153846156 0.4567307692307692 0.040865384615384616 0.016826923076923076
0 0.41586538461538464 0.4206730769230769 0.055288461538461536 0.02403846153846154
0 0.4831730769230769 0.43028846153846156 0.05048076923076923 0.03365384615384615
0 0.5576923076923077 0.46153846153846156 0.03365384615384615 0.019230769230769232
0 0.6322115384615384 0.46634615384615385 0.052884615384615384 0.021634615384615384
0 0.7043269230769231 0.4735576923076923 0.057692307692307696 0.021634615384615384
0 0.8293269230769231 0.5 0.0625 0.019230769230769232
0 0.8822115384615384 0.5192307692307693 0.057692307692307696 0.019230769230769232
0 0.9567307692307693 0.5192307692307693 0.04807692307692308 0.026442307692307692