0 0.08413461538461539 0.5192307692307693 0.07211538461538461 0.0985576923076923
0 0.2283653846153846 0.5024038461538461 0.09375 0.09615384615384616
0 0.3004807692307692 0.5216346153846154 0.1346153846153846 0.13221153846153846
0 0.30528846153846156 0.5264423076923077 0.0673076923076923 0.16105769230769232
0 0.3629807692307692 0.49038461538461536 0.06490384615384616 0.07451923076923077
0 0.3798076923076923 0.5192307692307693 0.07932692307692307 0.10817307692307693
0 0.5288461538461539 0.5384615384615384 0.15625 0.1346153846153846
0 0.5120192307692307 0.5048076923076923 0.0889423076923077 0.07211538461538461
0 0.5480769230769231 0.53125 0.08653846153846154 0.09134615384615384
0 0.6129807692307693 0.5168269230769231 0.07932692307692307 0.07692307692307693
0 0.6875 0.5192307692307693 0.057692307692307696 0.09615384615384616
0 0.8197115384615384 0.5384615384615384 0.11778846153846154 0.09615384615384616
0 0.8725961538461539 0.5240384615384616 0.038461538461538464 0.08653846153846154
0 0.9134615384615384 0.5456730769230769 0.057692307692307696 0.03365384615384615