0 0.32211538461538464 0.20192307692307693 0.21634615384615385 0.13701923076923078
0 0.3293269230769231 0.9206730769230769 0.1778846153846154 0.13221153846153846
0 0.43990384615384615 0.8389423076923077 0.1658653846153846 0.12259615384615384
0 0.49038461538461536 0.18990384615384615 0.21875 0.15384615384615385
0 0.65625 0.8461538461538461 0.18509615384615385 0.15144230769230768
0 0.7211538461538461 0.4375 0.2283653846153846 0.15625
0 0.7307692307692307 0.07451923076923077 0.16105769230769232 0.07932692307692307
0 0.7860576923076923 0.6394230769230769 0.125 0.11057692307692307
0 0.038461538461538464 0.20192307692307693 0.07692307692307693 0.13942307692307693
0 0.025240384615384616 0.9206730769230769 0.05048076923076923 0.1346153846153846
0 0.9747596153846154 0.8461538461538461 0.04567307692307692 0.15384615384615385
0 0.9314903846153846 0.4375 0.13221153846153846 0.15865384615384615
0 0.9435096153846154 0.07451923076923077 0.10817307692307693 0.08173076923076923
0 0.9158653846153846 0.6394230769230769 0.125 0.11057692307692307