0 0.14903846153846154 0.49759615384615385 0.08653846153846154 0.09375
0 0.021634615384615384 0.44471153846153844 0.04326923076923077 0.040865384615384616
0 0.10817307692307693 0.39663461538461536 0.10576923076923077 0.06490384615384616
0 0.30288461538461536 0.4423076923076923 0.07211538461538461 0.12259615384615384
0 0.34375 0.49759615384615385 0.0673076923076923 0.10096153846153846
0 0.39903846153846156 0.5528846153846154 0.13701923076923078 0.06971153846153846
0 0.375 0.375 0.052884615384615384 0.06490384615384616
0 0.4375 0.36538461538461536 0.07932692307692307 0.06490384615384616
0 0.5985576923076923 0.6201923076923077 0.15865384615384615 0.1201923076923077
0 0.5961538461538461 0.4567307692307692 0.08653846153846154 0.10336538461538461
0 0.6514423076923077 0.37740384615384615 0.11057692307692307 0.05048076923076923
0 0.6706730769230769 0.4879807692307692 0.12740384615384615 0.14182692307692307
0 0.7788461538461539 0.4423076923076923 0.08173076923076923 0.07211538461538461
0 0.7860576923076923 0.5360576923076923 0.04807692307692308 0.036057692307692304
0 0.9567307692307693 0.38221153846153844 0.07932692307692307 0.07692307692307693
0 0.96875 0.45913461538461536 0.055288461538461536 0.09615384615384616