0 0.4951923076923077 0.5336538461538461 0.6706730769230769 0.5504807692307693
0 0.02283653846153846 0.515625 0.04567307692307692 0.11298076923076923
0 0.2932692307692308 0.36778846153846156 0.11538461538461539 0.0625
0 0.39903846153846156 0.34375 0.0889423076923077 0.11057692307692307
0 0.4831730769230769 0.30528846153846156 0.057692307692307696 0.052884615384615384
0 0.65625 0.8413461538461539 0.0985576923076923 0.057692307692307696
0 0.7307692307692307 0.4735576923076923 0.0673076923076923 0.09615384615384616
0 0.7524038461538461 0.30288461538461536 0.06009615384615385 0.057692307692307696
0 0.7596153846153846 0.6586538461538461 0.055288461538461536 0.14182692307692307
0 0.9158653846153846 0.5865384615384616 0.16105769230769232 0.10817307692307693
0 0.9567307692307693 0.4326923076923077 0.0673076923076923 0.14423076923076922
0 0.65625 0.9014423076923077 0.0985576923076923 0.057692307692307696