0 0.7427884615384616 0.21153846153846154 0.07211538461538461 0.0673076923076923
0 0.027644230769230768 0.640625 0.055288461538461536 0.05048076923076923
0 0.038461538461538464 0.38461538461538464 0.07692307692307693 0.052884615384615384
0 0.0625 0.6466346153846154 0.06490384615384616 0.04326923076923077
0 0.13701923076923078 0.6538461538461539 0.057692307692307696 0.052884615384615384
0 0.17307692307692307 0.6658653846153846 0.07211538461538461 0.057692307692307696
0 0.27163461538461536 0.65625 0.0625 0.036057692307692304
0 0.2860576923076923 0.4423076923076923 0.07211538461538461 0.06971153846153846
0 0.4230769230769231 0.6610576923076923 0.07211538461538461 0.04567307692307692
0 0.4230769230769231 0.49759615384615385 0.0625 0.0673076923076923
0 0.47115384615384615 0.6466346153846154 0.057692307692307696 0.04807692307692308
0 0.5576923076923077 0.6274038461538461 0.03365384615384615 0.038461538461538464
0 0.5913461538461539 0.49038461538461536 0.08653846153846154 0.0625
0 0.6129807692307693 0.6586538461538461 0.06971153846153846 0.04567307692307692
0 0.6105769230769231 0.3942307692307692 0.055288461538461536 0.05048076923076923
0 0.9086538461538461 0.6658653846153846 0.07692307692307693 0.04807692307692308
0 0.9086538461538461 0.38461538461538464 0.057692307692307696 0.028846153846153848
0 0.9447115384615384 0.41586538461538464 0.07932692307692307 0.06971153846153846
0 0.9711538461538461 0.6634615384615384 0.052884615384615384 0.05048076923076923
0 0.7427884615384616 0.1201923076923077 0.07211538461538461 0.0673076923076923
0 0.13822115384615385 0.9903846153846154 0.06009615384615385 0.014423076923076924
0 0.17427884615384615 0.9831730769230769 0.07451923076923077 0.028846153846153848
0 0.27283653846153844 0.9927884615384616 0.06490384615384616 0.009615384615384616
0 0.42427884615384615 0.9879807692307693 0.07451923076923077 0.019230769230769232
0 0.6129807692307693 0.9891826923076923 0.07211538461538461 0.016826923076923076
0 0.9098557692307693 0.9855769230769231 0.07932692307692307 0.02403846153846154
0 0.9723557692307693 0.9855769230769231 0.055288461538461536 0.02403846153846154