0 0.21875 0.6442307692307693 0.2860576923076923 0.22115384615384615
0 0.057692307692307696 0.32211538461538464 0.11538461538461539 0.22596153846153846
0 0.22115384615384615 0.375 0.1778846153846154 0.3173076923076923
0 0.27884615384615385 0.3581730769230769 0.10817307692307693 0.20192307692307693
0 0.40865384615384615 0.5841346153846154 0.20673076923076922 0.2860576923076923
0 0.3918269230769231 0.34615384615384615 0.08653846153846154 0.18990384615384615
0 0.6129807692307693 0.4230769230769231 0.16826923076923078 0.23798076923076922
0 0.7211538461538461 0.5096153846153846 0.16826923076923078 0.2403846153846154
0 0.21875 0.9543269230769231 0.28846153846153844 0.08653846153846154
0 0.05889423076923077 0.0625 0.11778846153846154 0.125
0 0.22235576923076922 0.05889423076923077 0.18028846153846154 0.11778846153846154
0 0.27884615384615385 0.038461538461538464 0.11057692307692307 0.07692307692307693
0 0.4098557692307692 0.9675480769230769 0.2091346153846154 0.06009615384615385
0 0.39302884615384615 0.040865384615384616 0.0889423076923077 0.08173076923076923