0 0.15384615384615385 0.2644230769230769 0.06009615384615385 0.11298076923076923
0 0.15865384615384615 0.38461538461538464 0.0673076923076923 0.14182692307692307
0 0.16826923076923078 0.21634615384615385 0.03125 0.16346153846153846
0 0.21394230769230768 0.2860576923076923 0.09375 0.3076923076923077
0 0.2091346153846154 0.2692307692307692 0.052884615384615384 0.27884615384615385
0 0.27403846153846156 0.29086538461538464 0.0985576923076923 0.16826923076923078
0 0.24519230769230768 0.2644230769230769 0.021634615384615384 0.17307692307692307
0 0.34134615384615385 0.25961538461538464 0.08413461538461539 0.22596153846153846
0 0.4831730769230769 0.5168269230769231 0.2620192307692308 0.8461538461538461
0 0.4831730769230769 0.25961538461538464 0.11538461538461539 0.2548076923076923
0 0.4519230769230769 0.23798076923076922 0.05048076923076923 0.06971153846153846
0 0.5649038461538461 0.3581730769230769 0.0673076923076923 0.07451923076923077
0 0.5528846153846154 0.23798076923076922 0.02403846153846154 0.13942307692307693
0 0.5913461538461539 0.22355769230769232 0.04807692307692308 0.13942307692307693
0 0.7019230769230769 0.2932692307692308 0.06009615384615385 0.02403846153846154
0 0.7331730769230769 0.39663461538461536 0.07932692307692307 0.1658653846153846
0 0.8028846153846154 0.35336538461538464 0.0673076923076923 0.1875
0 0.8533653846153846 0.31971153846153844 0.038461538461538464 0.14423076923076922
0 0.09615384615384616 0.2644230769230769 0.06009615384615385 0.11298076923076923
0 0.09134615384615384 0.38461538461538464 0.0673076923076923 0.14182692307692307
0 0.08173076923076923 0.21634615384615385 0.03125 0.16346153846153846
0 0.042067307692307696 0.28725961538461536 0.08413461538461539 0.31009615384615385
0 0.040865384615384616 0.2692307692307692 0.052884615384615384 0.27884615384615385
0 0.013221153846153846 0.2920673076923077 0.026442307692307692 0.17067307692307693
0 0.008413461538461538 0.265625 0.016826923076923076 0.17548076923076922
0 0.9867788461538461 0.39663461538461536 0.021634615384615384 0.16826923076923078
0 0.9471153846153846 0.35336538461538464 0.0673076923076923 0.1875
0 0.8966346153846154 0.31971153846153844 0.038461538461538464 0.14423076923076922