0 0.08173076923076923 0.27163461538461536 0.019230769230769232 0.036057692307692304
0 0.08653846153846154 0.4375 0.02403846153846154 0.02403846153846154
0 0.14182692307692307 0.45913461538461536 0.019230769230769232 0.03365384615384615
0 0.3076923076923077 0.4951923076923077 0.019230769230769232 0.028846153846153848
0 0.3173076923076923 0.5408653846153846 0.028846153846153848 0.026442307692307692
0 0.35336538461538464 0.7163461538461539 0.04807692307692308 0.016826923076923076
0 0.3557692307692308 0.49038461538461536 0.026442307692307692 0.026442307692307692
0 0.36538461538461536 0.4639423076923077 0.021634615384615384 0.03125
0 0.3870192307692308 0.38461538461538464 0.04567307692307692 0.019230769230769232
0 0.3942307692307692 0.5649038461538461 0.055288461538461536 0.036057692307692304
0 0.47115384615384615 0.5 0.02403846153846154 0.007211538461538462
0 0.5072115384615384 0.39663461538461536 0.04567307692307692 0.03365384615384615
0 0.5384615384615384 0.5240384615384616 0.019230769230769232 0.028846153846153848
0 0.5528846153846154 0.7451923076923077 0.036057692307692304 0.01201923076923077
0 0.6322115384615384 0.5288461538461539 0.028846153846153848 0.014423076923076924
0 0.8990384615384616 0.40384615384615385 0.038461538461538464 0.028846153846153848