0 0.3076923076923077 0.6466346153846154 0.11057692307692307 0.06009615384615385
0 0.052884615384615384 0.65625 0.10576923076923077 0.07932692307692307
0 0.036057692307692304 0.5865384615384616 0.05048076923076923 0.07932692307692307
0 0.11057692307692307 0.6129807692307693 0.0985576923076923 0.04326923076923077
0 0.11298076923076923 0.5841346153846154 0.0625 0.04567307692307692
0 0.19951923076923078 0.5841346153846154 0.10096153846153846 0.04807692307692308
0 0.2644230769230769 0.5600961538461539 0.12980769230769232 0.08173076923076923
0 0.25961538461538464 0.6682692307692307 0.057692307692307696 0.06490384615384616
0 0.41586538461538464 0.6274038461538461 0.05048076923076923 0.07692307692307693
0 0.43990384615384615 0.6129807692307693 0.09615384615384616 0.1201923076923077
0 0.6009615384615384 0.6081730769230769 0.13942307692307693 0.06490384615384616
0 0.5697115384615384 0.3894230769230769 0.04807692307692308 0.028846153846153848
0 0.6057692307692307 0.375 0.06971153846153846 0.0985576923076923
0 0.6490384615384616 0.41586538461538464 0.09375 0.038461538461538464
0 0.7451923076923077 0.59375 0.10817307692307693 0.07692307692307693
0 0.7379807692307693 0.41346153846153844 0.07451923076923077 0.0625
0 0.8173076923076923 0.4831730769230769 0.11538461538461539 0.08413461538461539
0 0.8509615384615384 0.5769230769230769 0.07211538461538461 0.07451923076923077
0 0.8677884615384616 0.4855769230769231 0.07451923076923077 0.10336538461538461
0 0.9038461538461539 0.5769230769230769 0.0673076923076923 0.07932692307692307
0 0.9471153846153846 0.5721153846153846 0.0985576923076923 0.07932692307692307
0 0.3088942307692308 0.9915865384615384 0.11298076923076923 0.01201923076923077
0 0.054086538461538464 0.9819711538461539 0.10817307692307693 0.03125
0 0.2608173076923077 0.9795673076923077 0.06009615384615385 0.036057692307692304