0 0.6322115384615384 0.5673076923076923 0.07451923076923077 0.09615384615384616
0 0.11298076923076923 0.7956730769230769 0.125 0.15144230769230768
0 0.09375 0.6201923076923077 0.055288461538461536 0.12740384615384615
0 0.15865384615384615 0.6466346153846154 0.06971153846153846 0.09134615384615384
0 0.20432692307692307 0.8221153846153846 0.10576923076923077 0.0985576923076923
0 0.17548076923076922 0.47115384615384615 0.03365384615384615 0.03365384615384615
0 0.1971153846153846 0.47836538461538464 0.028846153846153848 0.04567307692307692
0 0.32211538461538464 0.49278846153846156 0.040865384615384616 0.03365384615384615
0 0.375 0.6418269230769231 0.04807692307692308 0.14182692307692307
0 0.3942307692307692 0.4807692307692308 0.028846153846153848 0.052884615384615384
0 0.42788461538461536 0.5865384615384616 0.0673076923076923 0.0889423076923077
0 0.4206730769230769 0.47115384615384615 0.03365384615384615 0.052884615384615384
0 0.5096153846153846 0.8461538461538461 0.13221153846153846 0.055288461538461536
0 0.5240384615384616 0.4831730769230769 0.057692307692307696 0.057692307692307696
0 0.7235576923076923 0.8197115384615384 0.17548076923076922 0.10576923076923077
0 0.78125 0.6730769230769231 0.057692307692307696 0.10817307692307693
0 0.8870192307692307 0.7908653846153846 0.20673076923076922 0.16346153846153846
0 0.9471153846153846 0.8293269230769231 0.09615384615384616 0.0889423076923077
0 0.1141826923076923 0.9375 0.12740384615384615 0.1201923076923077
0 0.20432692307692307 0.9278846153846154 0.10576923076923077 0.0985576923076923
0 0.5096153846153846 0.9038461538461539 0.13221153846153846 0.055288461538461536
0 0.7235576923076923 0.9302884615384616 0.17548076923076922 0.10576923076923077
0 0.8882211538461539 0.9375 0.2091346153846154 0.1201923076923077
0 0.9471153846153846 0.9206730769230769 0.09615384615384616 0.0889423076923077