0 0.12980769230769232 0.2644230769230769 0.01201923076923077 0.016826923076923076
0 0.14423076923076922 0.036057692307692304 0.026442307692307692 0.03365384615384615
0 0.14182692307692307 0.14903846153846154 0.016826923076923076 0.009615384615384616
0 0.15865384615384615 0.19471153846153846 0.036057692307692304 0.019230769230769232
0 0.18028846153846154 0.10336538461538461 0.009615384615384616 0.01201923076923077
0 0.19230769230769232 0.32211538461538464 0.016826923076923076 0.007211538461538462
0 0.21634615384615385 0.375 0.03365384615384615 0.014423076923076924
0 0.21153846153846154 0.53125 0.009615384615384616 0.014423076923076924
0 0.22596153846153846 0.06971153846153846 0.03125 0.014423076923076924
0 0.22355769230769232 0.41346153846153844 0.01201923076923077 0.009615384615384616
0 0.22355769230769232 0.5096153846153846 0.016826923076923076 0.009615384615384616
0 0.25240384615384615 0.49038461538461536 0.04567307692307692 0.016826923076923076
0 0.24519230769230768 0.3870192307692308 0.007211538461538462 0.007211538461538462
0 0.27403846153846156 0.11778846153846154 0.02403846153846154 0.01201923076923077
0 0.2764423076923077 0.46875 0.019230769230769232 0.007211538461538462
0 0.28846153846153844 0.19471153846153846 0.01201923076923077 0.01201923076923077
0 0.30528846153846156 0.036057692307692304 0.026442307692307692 0.03125
0 0.2980769230769231 0.2764423076923077 0.009615384615384616 0.007211538461538462
0 0.3076923076923077 0.16105769230769232 0.016826923076923076 0.02403846153846154
0 0.3125 0.0889423076923077 0.02403846153846154 0.007211538461538462
0 0.3245192307692308 0.4110576923076923 0.021634615384615384 0.009615384615384616
0 0.3605769230769231 0.37740384615384615 0.016826923076923076 0.009615384615384616
0 0.3629807692307692 0.19471153846153846 0.021634615384615384 0.007211538461538462
0 0.37740384615384615 0.17067307692307693 0.036057692307692304 0.009615384615384616
0 0.37740384615384615 0.24759615384615385 0.026442307692307692 0.004807692307692308
0 0.40384615384615385 0.09375 0.028846153846153848 0.014423076923076924
0 0.40384615384615385 0.17548076923076922 0.021634615384615384 0.009615384615384616
0 0.4326923076923077 0.16346153846153846 0.02403846153846154 0.004807692307692308
0 0.4423076923076923 0.11778846153846154 0.021634615384615384 0.016826923076923076
0 0.44711538461538464 0.4639423076923077 0.016826923076923076 0.007211538461538462
0 0.46153846153846156 0.23557692307692307 0.021634615384615384 0.007211538461538462
0 0.6634615384615384 0.36778846153846156 0.4206730769230769 0.2764423076923077
0 0.47596153846153844 0.5288461538461539 0.014423076923076924 0.016826923076923076
0 0.5048076923076923 0.2091346153846154 0.004807692307692308 0.009615384615384616
0 0.5240384615384616 0.13701923076923078 0.014423076923076924 0.01201923076923077
0 0.5528846153846154 0.1466346153846154 0.016826923076923076 0.009615384615384616
0 0.625 0.14423076923076922 0.016826923076923076 0.004807692307692308
0 0.625 0.5504807692307693 0.01201923076923077 0.01201923076923077
0 0.6298076923076923 0.53125 0.016826923076923076 0.004807692307692308
0 0.6370192307692307 0.5168269230769231 0.021634615384615384 0.007211538461538462
0 0.6490384615384616 0.22596153846153846 0.021634615384615384 0.016826923076923076
0 0.6610576923076923 0.11778846153846154 0.016826923076923076 0.009615384615384616
0 0.6610576923076923 0.05048076923076923 0.009615384615384616 0.016826923076923076
0 0.7043269230769231 0.1875 0.021634615384615384 0.01201923076923077
0 0.7139423076923077 0.21634615384615385 0.02403846153846154 0.004807692307692308
0 0.71875 0.17548076923076922 0.01201923076923077 0.002403846153846154
0 0.7259615384615384 0.5504807692307693 0.02403846153846154 0.004807692307692308
0 0.7379807692307693 0.1658653846153846 0.016826923076923076 0.007211538461538462
0 0.7524038461538461 0.03365384615384615 0.016826923076923076 0.040865384615384616
0 0.7572115384615384 0.23317307692307693 0.028846153846153848 0.038461538461538464
0 0.7548076923076923 0.5072115384615384 0.016826923076923076 0.016826923076923076
0 0.7644230769230769 0.1778846153846154 0.02403846153846154 0.007211538461538462
0 0.7836538461538461 0.1466346153846154 0.026442307692307692 0.004807692307692308
0 0.7836538461538461 0.23317307692307693 0.021634615384615384 0.036057692307692304
0 0.8221153846153846 0.16826923076923078 0.019230769230769232 0.01201923076923077
0 0.8245192307692307 0.11298076923076923 0.01201923076923077 0.007211538461538462
0 0.8365384615384616 0.12980769230769232 0.028846153846153848 0.009615384615384616
0 0.8389423076923077 0.026442307692307692 0.014423076923076924 0.026442307692307692
0 0.1201923076923077 0.2644230769230769 0.01201923076923077 0.016826923076923076
0 0.10576923076923077 0.036057692307692304 0.026442307692307692 0.03365384615384615
0 0.10817307692307693 0.14903846153846154 0.016826923076923076 0.009615384615384616
0 0.09134615384615384 0.19471153846153846 0.036057692307692304 0.019230769230769232
0 0.06971153846153846 0.10336538461538461 0.009615384615384616 0.01201923076923077
0 0.057692307692307696 0.32211538461538464 0.016826923076923076 0.007211538461538462
0 0.03365384615384615 0.375 0.03365384615384615 0.014423076923076924
0 0.038461538461538464 0.53125 0.009615384615384616 0.014423076923076924
0 0.02403846153846154 0.06971153846153846 0.03125 0.014423076923076924
0 0.026442307692307692 0.41346153846153844 0.01201923076923077 0.009615384615384616
0 0.026442307692307692 0.5096153846153846 0.016826923076923076 0.009615384615384616
0 0.010817307692307692 0.49038461538461536 0.021634615384615384 0.019230769230769232
0 0.004807692307692308 0.3870192307692308 0.007211538461538462 0.007211538461538462
0 0.9362980769230769 0.36778846153846156 0.12259615384615384 0.27884615384615385
0 0.9927884615384616 0.03365384615384615 0.009615384615384616 0.04326923076923077
0 0.9879807692307693 0.234375 0.019230769230769232 0.040865384615384616
0 0.9915865384615384 0.5072115384615384 0.01201923076923077 0.019230769230769232
0 0.9855769230769231 0.1778846153846154 0.02403846153846154 0.007211538461538462
0 0.9663461538461539 0.1466346153846154 0.026442307692307692 0.004807692307692308
0 0.9663461538461539 0.23317307692307693 0.021634615384615384 0.036057692307692304
0 0.9278846153846154 0.16826923076923078 0.019230769230769232 0.01201923076923077
0 0.9254807692307693 0.11298076923076923 0.01201923076923077 0.007211538461538462
0 0.9134615384615384 0.12980769230769232 0.028846153846153848 0.009615384615384616
0 0.9110576923076923 0.026442307692307692 0.014423076923076924 0.026442307692307692