0 0.53125 0.7235576923076923 0.9302884615384616 0.0625
0 0.10576923076923077 0.4206730769230769 0.036057692307692304 0.009615384615384616
0 0.15144230769230768 0.25721153846153844 0.05048076923076923 0.03125
0 0.18990384615384615 0.59375 0.038461538461538464 0.016826923076923076
0 0.24759615384615385 0.5240384615384616 0.040865384615384616 0.01201923076923077
0 0.36538461538461536 0.30288461538461536 0.036057692307692304 0.021634615384615384
0 0.3894230769230769 0.33413461538461536 0.038461538461538464 0.028846153846153848
0 0.4639423076923077 0.4639423076923077 0.02403846153846154 0.009615384615384616
0 0.4735576923076923 0.46875 0.026442307692307692 0.01201923076923077
0 0.7235576923076923 0.33653846153846156 0.02403846153846154 0.014423076923076924
0 0.7379807692307693 0.3293269230769231 0.04567307692307692 0.019230769230769232
0 0.8653846153846154 0.23557692307692307 0.052884615384615384 0.021634615384615384
0 0.8774038461538461 0.4423076923076923 0.04807692307692308 0.016826923076923076
0 0.8990384615384616 0.5192307692307693 0.016826923076923076 0.009615384615384616
0 0.9110576923076923 0.5168269230769231 0.019230769230769232 0.019230769230769232
0 0.53125 0.9399038461538461 0.9302884615384616 0.0625
0 0.15144230769230768 0.07451923076923077 0.05048076923076923 0.03125
0 0.36538461538461536 0.028846153846153848 0.036057692307692304 0.021634615384615384
0 0.390625 0.007211538461538462 0.040865384615384616 0.014423076923076924
0 0.7247596153846154 0.002403846153846154 0.026442307692307692 0.004807692307692308
0 0.7379807692307693 0.007211538461538462 0.04807692307692308 0.014423076923076924
0 0.8653846153846154 0.09615384615384616 0.052884615384615384 0.021634615384615384