3 0.15865384615384615 0.3076923076923077 0.11298076923076923 0.09134615384615384
3 0.14423076923076922 0.2668269230769231 0.04567307692307692 0.03365384615384615
3 0.25721153846153844 0.33413461538461536 0.23557692307692307 0.0985576923076923
3 0.21875 0.2644230769230769 0.036057692307692304 0.0673076923076923
3 0.36538461538461536 0.3245192307692308 0.055288461538461536 0.08653846153846154
3 0.45913461538461536 0.6081730769230769 0.18269230769230768 0.22596153846153846
3 0.5120192307692307 0.30528846153846156 0.10817307692307693 0.09375
3 0.5841346153846154 0.37740384615384615 0.1658653846153846 0.14182692307692307
3 0.6995192307692307 0.4639423076923077 0.10336538461538461 0.2283653846153846
3 0.84375 0.3293269230769231 0.15625 0.125
3 0.15865384615384615 0.0673076923076923 0.11298076923076923 0.09134615384615384
3 0.14423076923076922 0.10817307692307693 0.04567307692307692 0.03365384615384615
3 0.25841346153846156 0.04567307692307692 0.23798076923076922 0.09134615384615384
3 0.21875 0.11057692307692307 0.036057692307692304 0.0673076923076923
3 0.36538461538461536 0.05048076923076923 0.055288461538461536 0.08653846153846154
3 0.46033653846153844 0.9507211538461539 0.18509615384615385 0.09375
3 0.5120192307692307 0.06971153846153846 0.10817307692307693 0.09375
3 0.5841346153846154 0.03485576923076923 0.16826923076923078 0.06971153846153846
3 0.84375 0.055288461538461536 0.15865384615384615 0.11057692307692307