0 0.5408653846153846 0.5216346153846154 0.37259615384615385 0.3942307692307692
0 0.17908653846153846 0.20793269230769232 0.3581730769230769 0.18028846153846154
0 0.10096153846153846 0.4230769230769231 0.18509615384615385 0.27163461538461536
0 0.3942307692307692 0.1971153846153846 0.052884615384615384 0.07932692307692307
0 0.7211538461538461 0.3557692307692308 0.5552884615384616 0.39663461538461536
0 0.8533653846153846 0.40625 0.17067307692307693 0.12980769230769232
0 0.8725961538461539 0.5120192307692307 0.12740384615384615 0.06009615384615385
0 0.9519230769230769 0.5192307692307693 0.09134615384615384 0.16105769230769232
0 0.17908653846153846 0.06009615384615385 0.3581730769230769 0.1201923076923077
0 0.3954326923076923 0.039663461538461536 0.055288461538461536 0.07932692307692307
0 0.7199519230769231 0.039663461538461536 0.5552884615384616 0.07932692307692307