0 0.16346153846153846 0.49759615384615385 0.06971153846153846 0.11538461538461539
0 0.006009615384615385 0.5204326923076923 0.01201923076923077 0.06009615384615385
0 0.10096153846153846 0.3245192307692308 0.1658653846153846 0.06971153846153846
0 0.05048076923076923 0.5216346153846154 0.040865384615384616 0.08173076923076923
0 0.0889423076923077 0.5793269230769231 0.06971153846153846 0.07692307692307693
0 0.0889423076923077 0.6298076923076923 0.040865384615384616 0.09375
0 0.08653846153846154 0.5096153846153846 0.019230769230769232 0.04567307692307692
0 0.6177884615384616 0.5865384615384616 0.7572115384615384 0.13221153846153846
0 0.3173076923076923 0.5961538461538461 0.03365384615384615 0.021634615384615384
0 0.3173076923076923 0.6466346153846154 0.026442307692307692 0.026442307692307692
0 0.3629807692307692 0.6009615384615384 0.026442307692307692 0.009615384615384616
0 0.36538461538461536 0.5673076923076923 0.007211538461538462 0.019230769230769232
0 0.38221153846153844 0.5552884615384616 0.007211538461538462 0.014423076923076924
0 0.39903846153846156 0.6153846153846154 0.021634615384615384 0.01201923076923077
0 0.4206730769230769 0.6802884615384616 0.03365384615384615 0.040865384615384616
0 0.4206730769230769 0.6201923076923077 0.021634615384615384 0.02403846153846154
0 0.42788461538461536 0.7091346153846154 0.036057692307692304 0.052884615384615384
0 0.47115384615384615 0.5961538461538461 0.016826923076923076 0.02403846153846154
0 0.47836538461538464 0.7259615384615384 0.026442307692307692 0.052884615384615384
0 0.4831730769230769 0.8100961538461539 0.038461538461538464 0.10096153846153846
0 0.5144230769230769 0.8173076923076923 0.040865384615384616 0.07451923076923077
0 0.5120192307692307 0.7019230769230769 0.03365384615384615 0.052884615384615384
0 0.5144230769230769 0.6466346153846154 0.016826923076923076 0.021634615384615384
0 0.53125 0.6442307692307693 0.026442307692307692 0.038461538461538464
0 0.5504807692307693 0.6153846153846154 0.016826923076923076 0.009615384615384616
0 0.5504807692307693 0.7451923076923077 0.019230769230769232 0.06009615384615385
0 0.5745192307692307 0.7644230769230769 0.040865384615384616 0.028846153846153848
0 0.5865384615384616 0.6899038461538461 0.01201923076923077 0.03365384615384615
0 0.59375 0.6442307692307693 0.01201923076923077 0.026442307692307692
0 0.6153846153846154 0.7307692307692307 0.055288461538461536 0.055288461538461536
0 0.6370192307692307 0.7884615384615384 0.028846153846153848 0.07451923076923077
0 0.6346153846153846 0.6370192307692307 0.007211538461538462 0.019230769230769232
0 0.6514423076923077 0.6971153846153846 0.021634615384615384 0.036057692307692304
0 0.6634615384615384 0.8052884615384616 0.040865384615384616 0.10096153846153846
0 0.6610576923076923 0.6802884615384616 0.026442307692307692 0.04326923076923077
0 0.6995192307692307 0.7283653846153846 0.04567307692307692 0.03365384615384615
0 0.7331730769230769 0.6971153846153846 0.014423076923076924 0.0625
0 0.7475961538461539 0.7091346153846154 0.021634615384615384 0.026442307692307692
0 0.7548076923076923 0.6442307692307693 0.03125 0.01201923076923077
0 0.7668269230769231 0.8221153846153846 0.052884615384615384 0.0625
0 0.7620192307692307 0.6899038461538461 0.021634615384615384 0.007211538461538462
0 0.7692307692307693 0.6634615384615384 0.007211538461538462 0.028846153846153848
0 0.7716346153846154 0.6153846153846154 0.007211538461538462 0.019230769230769232
0 0.8293269230769231 0.6370192307692307 0.028846153846153848 0.03125
0 0.8293269230769231 0.7307692307692307 0.02403846153846154 0.06490384615384616
0 0.8677884615384616 0.8461538461538461 0.07211538461538461 0.03365384615384615
0 0.8725961538461539 0.7379807692307693 0.016826923076923076 0.04326923076923077
0 0.8942307692307693 0.7764423076923077 0.06009615384615385 0.06971153846153846
0 0.8846153846153846 0.6346153846153846 0.019230769230769232 0.028846153846153848
0 0.9639423076923077 0.6466346153846154 0.040865384615384616 0.02403846153846154
0 0.47836538461538464 0.9855769230769231 0.028846153846153848 0.02403846153846154
0 0.4831730769230769 0.9158653846153846 0.038461538461538464 0.10096153846153846
0 0.5144230769230769 0.9086538461538461 0.040865384615384616 0.07451923076923077
0 0.5516826923076923 0.9735576923076923 0.021634615384615384 0.04807692307692308
0 0.5745192307692307 0.9615384615384616 0.040865384615384616 0.028846153846153848
0 0.6153846153846154 0.9819711538461539 0.057692307692307696 0.03125
0 0.6370192307692307 0.9375 0.028846153846153848 0.07451923076923077
0 0.6634615384615384 0.9206730769230769 0.040865384615384616 0.10096153846153846
0 0.6995192307692307 0.9891826923076923 0.04807692307692308 0.016826923076923076
0 0.7668269230769231 0.9038461538461539 0.052884615384615384 0.0625
0 0.8305288461538461 0.9795673076923077 0.026442307692307692 0.036057692307692304
0 0.8677884615384616 0.8798076923076923 0.07211538461538461 0.03365384615384615
0 0.8725961538461539 0.9819711538461539 0.019230769230769232 0.03125
0 0.8942307692307693 0.9495192307692307 0.06009615384615385 0.06971153846153846