3 0.38461538461538464 0.40865384615384615 0.09615384615384616 0.2548076923076923
3 0.5673076923076923 0.7860576923076923 0.14423076923076922 0.0985576923076923
3 0.7091346153846154 0.3173076923076923 0.14182692307692307 0.25961538461538464
3 0.7067307692307693 0.5264423076923077 0.12259615384615384 0.12980769230769232
3 0.6754807692307693 0.5817307692307693 0.040865384615384616 0.057692307692307696
3 0.7451923076923077 0.7740384615384616 0.12980769230769232 0.10096153846153846
3 0.7235576923076923 0.7235576923076923 0.06009615384615385 0.02403846153846154
3 0.78125 0.35336538461538464 0.04567307692307692 0.09375
3 0.5685096153846154 0.9555288461538461 0.1466346153846154 0.08413461538461539
3 0.7091346153846154 0.03245192307692308 0.14423076923076922 0.06490384615384616
3 0.7463942307692307 0.9615384615384616 0.13221153846153846 0.07211538461538461