0 0.22115384615384615 0.5600961538461539 0.06490384615384616 0.038461538461538464
0 0.125 0.5625 0.021634615384615384 0.04326923076923077
0 0.31971153846153844 0.5649038461538461 0.026442307692307692 0.04326923076923077
0 0.3942307692307692 0.5600961538461539 0.04326923076923077 0.028846153846153848
0 0.4831730769230769 0.5552884615384616 0.036057692307692304 0.038461538461538464
0 0.5432692307692307 0.5528846153846154 0.028846153846153848 0.040865384615384616
0 0.5625 0.5504807692307693 0.016826923076923076 0.03365384615384615
0 0.7163461538461539 0.5576923076923077 0.04807692307692308 0.03125
0 0.6995192307692307 0.5456730769230769 0.016826923076923076 0.02403846153846154
0 0.7836538461538461 0.5649038461538461 0.040865384615384616 0.04326923076923077
0 0.8389423076923077 0.5552884615384616 0.04326923076923077 0.038461538461538464
0 0.9206730769230769 0.5649038461538461 0.019230769230769232 0.04326923076923077
0 0.22115384615384615 0.014423076923076924 0.0673076923076923 0.028846153846153848
0 0.22115384615384615 0.8677884615384616 0.06490384615384616 0.038461538461538464
0 0.125 0.014423076923076924 0.02403846153846154 0.028846153846153848
0 0.125 0.8653846153846154 0.021634615384615384 0.04326923076923077
0 0.31971153846153844 0.013221153846153846 0.028846153846153848 0.026442307692307692
0 0.31971153846153844 0.8629807692307693 0.026442307692307692 0.04326923076923077
0 0.3954326923076923 0.01201923076923077 0.04567307692307692 0.02403846153846154
0 0.3942307692307692 0.8677884615384616 0.04326923076923077 0.028846153846153848
0 0.4831730769230769 0.016826923076923076 0.038461538461538464 0.03365384615384615
0 0.4831730769230769 0.8725961538461539 0.036057692307692304 0.038461538461538464
0 0.5444711538461539 0.018028846153846152 0.03125 0.036057692307692304
0 0.5432692307692307 0.875 0.028846153846153848 0.040865384615384616
0 0.5625 0.016826923076923076 0.016826923076923076 0.03365384615384615
0 0.5625 0.8774038461538461 0.016826923076923076 0.03365384615384615
0 0.7175480769230769 0.013221153846153846 0.05048076923076923 0.026442307692307692
0 0.7163461538461539 0.8701923076923077 0.04807692307692308 0.03125
0 0.6995192307692307 0.021634615384615384 0.016826923076923076 0.02403846153846154
0 0.6995192307692307 0.8822115384615384 0.016826923076923076 0.02403846153846154
0 0.7836538461538461 0.013221153846153846 0.04326923076923077 0.026442307692307692
0 0.7836538461538461 0.8629807692307693 0.040865384615384616 0.04326923076923077
0 0.8401442307692307 0.016826923076923076 0.04567307692307692 0.03365384615384615
0 0.8389423076923077 0.8725961538461539 0.04326923076923077 0.038461538461538464
0 0.921875 0.013221153846153846 0.021634615384615384 0.026442307692307692
0 0.9206730769230769 0.8629807692307693 0.019230769230769232 0.04326923076923077