2 0.07692307692307693 0.7307692307692307 0.14423076923076922 0.15625
2 0.11778846153846154 0.30288461538461536 0.1658653846153846 0.2283653846153846
2 0.20192307692307693 0.6346153846153846 0.25961538461538464 0.13942307692307693
2 0.22115384615384615 0.3701923076923077 0.16826923076923078 0.25240384615384615
2 0.4206730769230769 0.7115384615384616 0.16826923076923078 0.1658653846153846
2 0.4206730769230769 0.35336538461538464 0.16826923076923078 0.2668269230769231
2 0.5456730769230769 0.6490384615384616 0.23557692307692307 0.1346153846153846
2 0.5600961538461539 0.2548076923076923 0.2091346153846154 0.14182692307692307
2 0.7644230769230769 0.7139423076923077 0.1875 0.14182692307692307
2 0.8125 0.34375 0.21634615384615385 0.18509615384615385
2 0.8846153846153846 0.6466346153846154 0.22115384615384615 0.14182692307692307
2 0.8870192307692307 0.25721153846153844 0.21634615384615385 0.14903846153846154
2 0.078125 0.9254807692307693 0.1466346153846154 0.14423076923076922
2 0.11778846153846154 0.06971153846153846 0.16826923076923078 0.13942307692307693
2 0.203125 0.9783653846153846 0.2620192307692308 0.038461538461538464
2 0.22235576923076922 0.042067307692307696 0.17067307692307693 0.08413461538461539
2 0.421875 0.9326923076923077 0.17067307692307693 0.12980769230769232
2 0.421875 0.054086538461538464 0.17067307692307693 0.10817307692307693
2 0.546875 0.9723557692307693 0.23798076923076922 0.05048076923076923
2 0.5600961538461539 0.07211538461538461 0.2091346153846154 0.14182692307692307
2 0.765625 0.9375 0.18990384615384615 0.1201923076923077
2 0.8137019230769231 0.038461538461538464 0.21875 0.07692307692307693
2 0.8858173076923077 0.9711538461538461 0.22355769230769232 0.052884615384615384
2 0.8882211538461539 0.0733173076923077 0.21875 0.1466346153846154