0 0.09134615384615384 0.23317307692307693 0.08413461538461539 0.08173076923076923
0 0.14423076923076922 0.5649038461538461 0.17307692307692307 0.28125
0 0.1971153846153846 0.2403846153846154 0.07211538461538461 0.07451923076923077
0 0.3269230769230769 0.43509615384615385 0.13701923076923078 0.17548076923076922
0 0.28365384615384615 0.23317307692307693 0.05048076923076923 0.0889423076923077
0 0.3293269230769231 0.25240384615384615 0.038461538461538464 0.06971153846153846
0 0.34615384615384615 0.20192307692307693 0.06009615384615385 0.15625
0 0.3605769230769231 0.2283653846153846 0.04326923076923077 0.0889423076923077
0 0.40384615384615385 0.25 0.026442307692307692 0.06490384615384616
0 0.5048076923076923 0.4230769230769231 0.1201923076923077 0.16346153846153846
0 0.5961538461538461 0.37740384615384615 0.13221153846153846 0.1201923076923077
0 0.7067307692307693 0.3605769230769231 0.1201923076923077 0.22355769230769232
0 0.8028846153846154 0.3389423076923077 0.0985576923076923 0.16346153846153846
0 0.09134615384615384 0.030048076923076924 0.08653846153846154 0.06009615384615385
0 0.19831730769230768 0.02403846153846154 0.07451923076923077 0.04807692307692308
0 0.28365384615384615 0.03125 0.052884615384615384 0.0625
0 0.33052884615384615 0.016826923076923076 0.040865384615384616 0.03365384615384615
0 0.34615384615384615 0.06370192307692307 0.0625 0.12740384615384615
0 0.36177884615384615 0.03365384615384615 0.04567307692307692 0.0673076923076923
0 0.40384615384615385 0.016826923076923076 0.028846153846153848 0.03365384615384615