0 0.6995192307692307 0.5865384615384616 0.0673076923076923 0.11538461538461539
0 0.04326923076923077 0.4951923076923077 0.03125 0.04807692307692308
0 0.08653846153846154 0.49278846153846156 0.0625 0.04807692307692308
0 0.13221153846153846 0.5120192307692307 0.04807692307692308 0.03125
0 0.25961538461538464 0.5144230769230769 0.038461538461538464 0.055288461538461536
0 0.28365384615384615 0.5024038461538461 0.040865384615384616 0.019230769230769232
0 0.3557692307692308 0.5432692307692307 0.05048076923076923 0.052884615384615384
0 0.36538461538461536 0.4495192307692308 0.04567307692307692 0.026442307692307692
0 0.3918269230769231 0.44711538461538464 0.02403846153846154 0.040865384615384616
0 0.40865384615384615 0.4519230769230769 0.02403846153846154 0.026442307692307692
0 0.45913461538461536 0.4519230769230769 0.028846153846153848 0.04807692307692308
0 0.4855769230769231 0.4639423076923077 0.028846153846153848 0.036057692307692304
0 0.5096153846153846 0.4423076923076923 0.021634615384615384 0.036057692307692304
0 0.5240384615384616 0.4567307692307692 0.036057692307692304 0.038461538461538464
0 0.5504807692307693 0.4519230769230769 0.036057692307692304 0.038461538461538464
0 0.5817307692307693 0.4495192307692308 0.026442307692307692 0.05048076923076923
0 0.5985576923076923 0.4567307692307692 0.028846153846153848 0.040865384615384616
0 0.6057692307692307 0.43509615384615385 0.01201923076923077 0.028846153846153848
0 0.625 0.4543269230769231 0.026442307692307692 0.04567307692307692
0 0.6514423076923077 0.4519230769230769 0.028846153846153848 0.040865384615384616
0 0.6971153846153846 0.4567307692307692 0.021634615384615384 0.038461538461538464
0 0.7379807692307693 0.49759615384615385 0.07451923076923077 0.04567307692307692
0 0.8100961538461539 0.37740384615384615 0.06971153846153846 0.03365384615384615
0 0.8677884615384616 0.7355769230769231 0.09134615384615384 0.08653846153846154
0 0.8822115384615384 0.49759615384615385 0.02403846153846154 0.08413461538461539
0 0.8677884615384616 0.9278846153846154 0.09134615384615384 0.08653846153846154