1 0.09134615384615384 0.4951923076923077 0.18269230769230768 0.28125
1 0.2980769230769231 0.5120192307692307 0.1658653846153846 0.27163461538461536
1 0.47836538461538464 0.4879807692307692 0.16105769230769232 0.28125
1 0.6706730769230769 0.5048076923076923 0.16826923076923078 0.25721153846153844
1 0.8918269230769231 0.49278846153846156 0.21153846153846154 0.2860576923076923
1 0.09134615384615384 0.20192307692307693 0.18269230769230768 0.28125
1 0.09134615384615384 0.8028846153846154 0.18269230769230768 0.28125
1 0.2980769230769231 0.18509615384615385 0.1658653846153846 0.27163461538461536
1 0.2980769230769231 0.7860576923076923 0.1658653846153846 0.27163461538461536
1 0.47836538461538464 0.2091346153846154 0.16105769230769232 0.28125
1 0.47836538461538464 0.8100961538461539 0.16105769230769232 0.28125
1 0.6706730769230769 0.19230769230769232 0.16826923076923078 0.25721153846153844
1 0.6706730769230769 0.7932692307692307 0.16826923076923078 0.25721153846153844
1 0.8918269230769231 0.20432692307692307 0.21153846153846154 0.2860576923076923
1 0.8918269230769231 0.8052884615384616 0.21153846153846154 0.2860576923076923