0 0.6850961538461539 0.3245192307692308 0.06971153846153846 0.05048076923076923
0 0.4987980769230769 0.5336538461538461 0.9975961538461539 0.5961538461538461
0 0.03125 0.19230769230769232 0.03365384615384615 0.02403846153846154
0 0.10817307692307693 0.23076923076923078 0.052884615384615384 0.028846153846153848
0 0.3485576923076923 0.22596153846153846 0.03125 0.02403846153846154
0 0.43990384615384615 0.18269230769230768 0.05048076923076923 0.026442307692307692
0 0.4543269230769231 0.25961538461538464 0.02403846153846154 0.04326923076923077
0 0.6850961538461539 0.016826923076923076 0.07211538461538461 0.03365384615384615
0 0.4987980769230769 0.9146634615384616 0.9975961538461539 0.1658653846153846
0 0.03125 0.13942307692307693 0.03365384615384615 0.02403846153846154
0 0.10817307692307693 0.10096153846153846 0.052884615384615384 0.028846153846153848
0 0.3485576923076923 0.10576923076923077 0.03125 0.02403846153846154
0 0.43990384615384615 0.14903846153846154 0.05048076923076923 0.026442307692307692
0 0.4543269230769231 0.07211538461538461 0.02403846153846154 0.04326923076923077