0 0.4951923076923077 0.4254807692307692 0.9759615384615384 0.10336538461538461
0 0.07451923076923077 0.375 0.009615384615384616 0.007211538461538462
0 0.08653846153846154 0.3870192307692308 0.016826923076923076 0.002403846153846154
0 0.2091346153846154 0.3701923076923077 0.009615384615384616 0.004807692307692308
0 0.23798076923076922 0.3798076923076923 0.004807692307692308 0.004807692307692308
0 0.3125 0.4855769230769231 0.01201923076923077 0.009615384615384616
0 0.31971153846153844 0.4735576923076923 0.01201923076923077 0.007211538461538462
0 0.35096153846153844 0.47596153846153844 0.009615384615384616 0.009615384615384616
0 0.5216346153846154 0.4735576923076923 0.009615384615384616 0.009615384615384616
0 0.6923076923076923 0.21875 0.019230769230769232 0.01201923076923077
0 0.9879807692307693 0.25240384615384615 0.019230769230769232 0.016826923076923076
0 0.6923076923076923 0.11298076923076923 0.019230769230769232 0.01201923076923077
0 0.9879807692307693 0.07932692307692307 0.019230769230769232 0.016826923076923076