3 0.31490384615384615 0.6081730769230769 0.12740384615384615 0.07692307692307693
3 0.31009615384615385 0.4230769230769231 0.11298076923076923 0.07211538461538461
3 0.3173076923076923 0.3317307692307692 0.10817307692307693 0.07211538461538461
3 0.3173076923076923 0.5216346153846154 0.10576923076923077 0.0625
3 0.4326923076923077 0.4230769230769231 0.11778846153846154 0.07451923076923077
3 0.43028846153846156 0.3317307692307692 0.10817307692307693 0.0673076923076923
3 0.4375 0.6057692307692307 0.11298076923076923 0.06971153846153846
3 0.5504807692307693 0.6081730769230769 0.10817307692307693 0.07932692307692307
3 0.5528846153846154 0.33413461538461536 0.11057692307692307 0.0673076923076923
3 0.5552884615384616 0.4254807692307692 0.10817307692307693 0.07692307692307693
3 0.5504807692307693 0.5144230769230769 0.09375 0.07451923076923077
3 0.6706730769230769 0.5192307692307693 0.10817307692307693 0.07451923076923077
3 0.6706730769230769 0.6057692307692307 0.0985576923076923 0.0673076923076923
3 0.6730769230769231 0.3293269230769231 0.10096153846153846 0.07211538461538461
3 0.6802884615384616 0.4206730769230769 0.11538461538461539 0.07932692307692307