0 0.8293269230769231 0.2932692307692308 0.0889423076923077 0.18990384615384615
0 0.13701923076923078 0.6586538461538461 0.06490384615384616 0.05048076923076923
0 0.38221153846153844 0.4807692307692308 0.05048076923076923 0.052884615384615384
0 0.43028846153846156 0.22115384615384615 0.10096153846153846 0.0985576923076923
0 0.4110576923076923 0.5817307692307693 0.05048076923076923 0.040865384615384616
0 0.4254807692307692 0.39903846153846156 0.021634615384615384 0.03365384615384615
0 0.4495192307692308 0.4735576923076923 0.038461538461538464 0.04807692307692308
0 0.47596153846153844 0.40625 0.03125 0.036057692307692304
0 0.5024038461538461 0.49038461538461536 0.05048076923076923 0.040865384615384616
0 0.5528846153846154 0.16346153846153846 0.07211538461538461 0.07932692307692307
0 0.5673076923076923 0.41586538461538464 0.040865384615384616 0.03365384615384615
0 0.6634615384615384 0.1778846153846154 0.08653846153846154 0.0985576923076923
0 0.7091346153846154 0.53125 0.06971153846153846 0.040865384615384616
0 0.71875 0.4423076923076923 0.019230769230769232 0.04326923076923077
0 0.8293269230769231 0.4110576923076923 0.05048076923076923 0.040865384615384616
0 0.8725961538461539 0.3918269230769231 0.040865384615384616 0.05048076923076923
0 0.9206730769230769 0.4879807692307692 0.052884615384615384 0.06009615384615385
0 0.8293269230769231 0.026442307692307692 0.09134615384615384 0.052884615384615384
0 0.43149038461538464 0.039663461538461536 0.10336538461538461 0.07932692307692307
0 0.5528846153846154 0.08653846153846154 0.07211538461538461 0.07932692307692307
0 0.6634615384615384 0.07211538461538461 0.08653846153846154 0.0985576923076923