2 0.25961538461538464 0.7548076923076923 0.06971153846153846 0.09375
2 0.2692307692307692 0.6706730769230769 0.028846153846153848 0.03365384615384615
2 0.3701923076923077 0.6875 0.055288461538461536 0.026442307692307692
2 0.6538461538461539 0.7475961538461539 0.04326923076923077 0.06971153846153846
2 0.7115384615384616 0.6490384615384616 0.026442307692307692 0.06971153846153846
2 0.7884615384615384 0.7884615384615384 0.1658653846153846 0.07451923076923077
2 0.25961538461538464 0.9086538461538461 0.06971153846153846 0.09375
2 0.2704326923076923 0.9867788461538461 0.03125 0.021634615384615384
2 0.3701923076923077 0.9759615384615384 0.055288461538461536 0.026442307692307692
2 0.6538461538461539 0.9158653846153846 0.04326923076923077 0.06971153846153846
2 0.7115384615384616 0.9879807692307693 0.028846153846153848 0.019230769230769232
2 0.7884615384615384 0.875 0.1658653846153846 0.07451923076923077