0 0.11177884615384616 0.6358173076923077 0.22355769230769232 0.28125
0 0.19471153846153846 0.6009615384615384 0.33413461538461536 0.40625
0 0.3605769230769231 0.6009615384615384 0.18269230769230768 0.18990384615384615
0 0.5432692307692307 0.6129807692307693 0.2548076923076923 0.32211538461538464
0 0.7283653846153846 0.6057692307692307 0.3894230769230769 0.4014423076923077
0 0.9158653846153846 0.7235576923076923 0.1658653846153846 0.1778846153846154
0 0.11177884615384616 0.9435096153846154 0.22355769230769232 0.10817307692307693
0 0.19471153846153846 0.9278846153846154 0.33653846153846156 0.13942307692307693
0 0.5444711538461539 0.9435096153846154 0.25721153846153844 0.10817307692307693
0 0.7295673076923077 0.9266826923076923 0.3918269230769231 0.14182692307692307
0 0.9146634615384616 0.9242788461538461 0.1658653846153846 0.1466346153846154