2 0.14423076923076922 0.5961538461538461 0.13221153846153846 0.07932692307692307
2 0.24519230769230768 0.6225961538461539 0.1658653846153846 0.2932692307692308
2 0.33413461538461536 0.44471153846153844 0.24759615384615385 0.18028846153846154
2 0.40865384615384615 0.6322115384615384 0.25961538461538464 0.19951923076923078
2 0.4855769230769231 0.3485576923076923 0.15384615384615385 0.14903846153846154
2 0.5985576923076923 0.3245192307692308 0.15865384615384615 0.1778846153846154
2 0.7908653846153846 0.4831730769230769 0.040865384615384616 0.0625
2 0.8942307692307693 0.6177884615384616 0.2091346153846154 0.13701923076923078
2 0.8341346153846154 0.4951923076923077 0.0625 0.052884615384615384
2 0.875 0.4807692307692308 0.040865384615384616 0.06971153846153846
2 0.9302884615384616 0.49278846153846156 0.028846153846153848 0.03125
2 0.9711538461538461 0.47596153846153844 0.055288461538461536 0.07692307692307693