0 0.6346153846153846 0.6466346153846154 0.40625 0.4495192307692308
0 0.057692307692307696 0.4206730769230769 0.11538461538461539 0.5913461538461539
0 0.2764423076923077 0.6033653846153846 0.36538461538461536 0.5360576923076923
0 0.3581730769230769 0.34615384615384615 0.47596153846153844 0.40625
0 0.4375 0.2091346153846154 0.3701923076923077 0.16826923076923078
0 0.8485576923076923 0.4014423076923077 0.3004807692307692 0.2668269230769231
0 0.6346153846153846 0.9375 0.40865384615384615 0.1201923076923077
0 0.05889423076923077 0.06370192307692307 0.11778846153846154 0.12740384615384615
0 0.2776442307692308 0.9375 0.36778846153846156 0.1201923076923077
0 0.359375 0.054086538461538464 0.47836538461538464 0.10817307692307693
0 0.4387019230769231 0.06370192307692307 0.37259615384615385 0.12740384615384615