2 0.051682692307692304 0.4963942307692308 0.10336538461538461 0.27163461538461536
2 0.5144230769230769 0.6177884615384616 0.23317307692307693 0.4230769230769231
2 0.5264423076923077 0.3245192307692308 0.16105769230769232 0.16826923076923078
2 0.5336538461538461 0.3076923076923077 0.14182692307692307 0.07451923076923077
2 0.7403846153846154 0.34134615384615385 0.0985576923076923 0.11538461538461539
2 0.8629807692307693 0.33653846153846156 0.10817307692307693 0.11298076923076923
2 0.8918269230769231 0.32211538461538464 0.055288461538461536 0.08173076923076923
2 0.5144230769230769 0.9158653846153846 0.23557692307692307 0.16346153846153846
2 0.5264423076923077 0.046875 0.16346153846153846 0.09375
2 0.5336538461538461 0.03125 0.14423076923076922 0.0625
2 0.7403846153846154 0.025240384615384616 0.10096153846153846 0.05048076923076923
2 0.8629807692307693 0.026442307692307692 0.11057692307692307 0.052884615384615384
2 0.8918269230769231 0.026442307692307692 0.057692307692307696 0.052884615384615384