0 0.125 0.4951923076923077 0.23557692307692307 0.06971153846153846
0 0.40384615384615385 0.47596153846153844 0.27403846153846156 0.08653846153846154
0 0.5288461538461539 0.3894230769230769 0.34375 0.06009615384615385
0 0.40625 0.4014423076923077 0.016826923076923076 0.009615384615384616
0 0.6995192307692307 0.4951923076923077 0.28125 0.10096153846153846
0 0.7860576923076923 0.375 0.15144230769230768 0.055288461538461536
0 0.9206730769230769 0.5072115384615384 0.15144230769230768 0.06971153846153846
0 0.9423076923076923 0.34615384615384615 0.10576923076923077 0.02403846153846154
0 0.12620192307692307 0.02283653846153846 0.23798076923076922 0.04567307692307692
0 0.12620192307692307 0.9795673076923077 0.23798076923076922 0.036057692307692304
0 0.4050480769230769 0.037259615384615384 0.2764423076923077 0.07451923076923077
0 0.4050480769230769 0.9855769230769231 0.2764423076923077 0.02403846153846154
0 0.5288461538461539 0.11538461538461539 0.34375 0.06009615384615385
0 0.40625 0.10336538461538461 0.016826923076923076 0.009615384615384616
0 0.6995192307692307 0.03125 0.28365384615384615 0.0625
0 0.6995192307692307 0.9723557692307693 0.28365384615384615 0.05048076923076923
0 0.7860576923076923 0.12980769230769232 0.15144230769230768 0.055288461538461536
0 0.9206730769230769 0.016826923076923076 0.15384615384615385 0.03365384615384615
0 0.9206730769230769 0.9735576923076923 0.15384615384615385 0.04807692307692308
0 0.9423076923076923 0.15865384615384615 0.10576923076923077 0.02403846153846154