0 0.10336538461538461 0.6033653846153846 0.06009615384615385 0.057692307692307696
0 0.14182692307692307 0.34134615384615385 0.11538461538461539 0.1658653846153846
0 0.13701923076923078 0.4639423076923077 0.10096153846153846 0.052884615384615384
0 0.14182692307692307 0.7307692307692307 0.10817307692307693 0.15384615384615385
0 0.11298076923076923 0.5288461538461539 0.040865384615384616 0.028846153846153848
0 0.16346153846153846 0.6466346153846154 0.052884615384615384 0.055288461538461536
0 0.20192307692307693 0.5697115384615384 0.12980769230769232 0.04807692307692308
0 0.20192307692307693 0.5144230769230769 0.0625 0.026442307692307692
0 0.23317307692307693 0.3557692307692308 0.1201923076923077 0.10817307692307693
0 0.29086538461538464 0.6105769230769231 0.22596153846153846 0.16346153846153846
0 0.31009615384615385 0.6706730769230769 0.20192307692307693 0.21634615384615385
0 0.24759615384615385 0.27403846153846156 0.057692307692307696 0.03365384615384615
0 0.3125 0.46875 0.16826923076923078 0.07211538461538461
0 0.34615384615384615 0.27403846153846156 0.12740384615384615 0.06971153846153846
0 0.34375 0.37740384615384615 0.09134615384615384 0.0625
0 0.4254807692307692 0.4855769230769231 0.12259615384615384 0.06971153846153846
0 0.43509615384615385 0.6899038461538461 0.09615384615384616 0.18269230769230768
0 0.43990384615384615 0.3004807692307692 0.09615384615384616 0.07692307692307693
0 0.44711538461538464 0.3942307692307692 0.07211538461538461 0.055288461538461536
0 0.46153846153846156 0.5673076923076923 0.052884615384615384 0.03125
0 0.14302884615384615 0.037259615384615384 0.11778846153846154 0.07451923076923077
0 0.14182692307692307 0.9266826923076923 0.11057692307692307 0.14182692307692307
0 0.234375 0.015625 0.12259615384615384 0.03125
0 0.3112980769230769 0.9411057692307693 0.20432692307692307 0.11298076923076923
0 0.24759615384615385 0.057692307692307696 0.057692307692307696 0.03365384615384615
0 0.34615384615384615 0.057692307692307696 0.12740384615384615 0.06971153846153846
0 0.4362980769230769 0.9399038461538461 0.0985576923076923 0.11538461538461539
0 0.4411057692307692 0.036057692307692304 0.0985576923076923 0.07211538461538461