0 0.07211538461538461 0.5192307692307693 0.03365384615384615 0.04567307692307692
0 0.18269230769230768 0.5216346153846154 0.019230769230769232 0.038461538461538464
0 0.19230769230769232 0.5168269230769231 0.009615384615384616 0.036057692307692304
0 0.21875 0.5288461538461539 0.014423076923076924 0.036057692307692304
0 0.33653846153846156 0.5360576923076923 0.019230769230769232 0.02403846153846154
0 0.35336538461538464 0.5264423076923077 0.019230769230769232 0.04326923076923077
0 0.4014423076923077 0.5288461538461539 0.021634615384615384 0.038461538461538464
0 0.43509615384615385 0.5264423076923077 0.019230769230769232 0.03365384615384615
0 0.5264423076923077 0.5264423076923077 0.016826923076923076 0.038461538461538464
0 0.6057692307692307 0.5384615384615384 0.021634615384615384 0.036057692307692304
0 0.7307692307692307 0.5432692307692307 0.03125 0.028846153846153848
0 0.7980769230769231 0.5480769230769231 0.02403846153846154 0.038461538461538464
0 0.9086538461538461 0.5697115384615384 0.009615384615384616 0.014423076923076924
0 0.9399038461538461 0.5673076923076923 0.04326923076923077 0.03125